2 2 -0.5
2 8 -0.5
2 351 -0.5
2 397 -0.5
2 545 -0.5
3 2 -0.5
3 4 -0.5
3 14 -0.5
3 69 -0.5
3 117 -0.75
3 143 -0.5
3 392 -0.75
3 417 -0.5
3 433 -0.5
3 436 -0.5
3 446 -0.75
3 451 -0.5
3 466 -0.6666666666666666
3 502 -0.5
3 552 -0.5
3 603 -0.75
3 672 -0.5
3 674 -0.5
3 696 -0.5
3 711 -0.5
3 730 -0.5
3 788 -0.75
3 925 -0.5
3 927 -0.5
3 1013 -0.5
3 1353 -0.5
3 1394 -0.5
3 1399 -0.5
3 1450 -0.5
3 1453 -0.5
3 1473 -0.5
3 1666 -0.75
3 1702 -0.5
3 1707 -0.6666666666666666
3 1741 -0.5
3 1753 -0.5
3 1754 -0.5
3 1761 -0.75
3 1801 -0.6666666666666666
3 1977 -0.5
3 2100 -0.75
3 2371 -0.5
3 2419 -0.5
3 2467 -0.5
3 2997 -0.75
3 3108 -0.5
3 3679 -0.5
3 3683 -0.5
4 385 -0.6666666666666666
4 1348 -0.6666666666666666
4 3193 0.875
4 3 -0.75
4 66 -0.6666666666666666
4 156 -0.5
4 185 -0.5
4 210 -0.5
4 249 -0.5
4 297 -0.5
4 419 -0.5
4 531 -0.75
4 566 -0.5
4 624 -0.5
4 626 -0.5
4 835 -0.5
4 926 -0.5
4 1145 -0.5
4 1147 -0.5
4 1153 -0.5
4 1165 -0.5
4 1227 -0.5
4 1251 -0.5
4 1258 -0.5
4 1280 -0.5
4 1337 -0.5
4 1342 -0.5
4 1358 -0.5
4 1609 -0.5
4 1617 -0.75
4 1773 -0.5
4 1898 -0.5
4 2042 -0.5
4 2054 -0.5
4 2071 -0.5
4 2090 -0.5
4 2142 -0.5
4 2283 -0.5
4 2458 -0.5
4 2549 -0.5
4 2564 -0.5
4 2593 -0.5
4 2625 -0.5
4 2627 -0.75
4 2657 -0.5
4 2694 -0.5
4 2768 -0.5
4 2776 -0.5
4 2856 -0.5
4 2899 -0.5
4 2961 -0.75
4 3076 -0.5
4 3085 -0.5
4 3141 -0.5
4 3182 -0.5
4 3208 -0.5
4 3215 -0.5
4 3336 -0.5
4 3425 -0.75
4 3480 -0.75
4 3511 -0.5
4 3656 -0.5
4 3701 -0.5
5 4 -0.5
5 17 -0.5
5 19 -0.5
5 32 -0.5
5 50 -0.5
5 56 -0.5
5 155 -0.5
5 233 -0.5
5 340 -0.5
5 376 -0.5
5 969 -0.5
5 1175 -0.5
5 1346 -0.75
5 2142 -0.5
5 2625 -0.5
5 2636 -0.5
5 2665 -0.5
5 2789 -0.5
5 2796 -0.5
5 2962 -0.75
5 3047 -0.5
5 3271 -0.75
5 3510 -0.5
5 3511 -0.5
6 5 -0.5
6 6 -0.5
6 226 -0.5
6 231 -0.5
6 397 -0.5
6 576 -0.5
6 579 -0.5
6 771 -0.5
6 975 -0.5
6 1086 -0.6666666666666666
6 1100 -0.5
6 1143 -0.5
6 1181 -0.5
6 1198 -0.5
6 1634 -0.5
6 1639 -0.5
6 1690 -0.5
6 1698 -0.5
6 1713 -0.75
6 1714 -0.5
6 1722 -0.6666666666666666
6 1770 -0.5
6 1791 -0.75
6 1834 -0.5
6 1893 -0.5
6 1914 -0.5
6 1922 -0.5
6 1956 -0.5
6 1971 -0.75
6 2000 -0.75
6 2171 -0.5
6 2251 -0.75
6 2370 -0.5
6 2371 -0.5
6 2461 -0.5
6 2463 -0.5
6 2525 -0.5
6 2558 -0.5
6 2777 -0.5
6 2779 -0.5
6 2807 -0.5
6 2985 -0.5
6 2994 -0.5
6 3024 -0.75
6 3117 -0.5
6 3229 -0.5
6 3254 -0.5
6 3277 -0.5
6 3283 -0.75
6 3307 -0.5
6 3308 -0.6666666666666666
6 3348 -0.5
6 3358 -0.5
7 2202 0.75
7 7 -0.5
7 20 -0.5
7 57 -0.5
7 108 -0.5
7 116 -0.5
7 131 -0.5
7 143 -0.5
7 159 -0.5
7 192 -0.5
7 411 -0.5
7 413 -0.75
7 452 -0.5
7 485 -0.5
7 505 -0.5
7 525 -0.5
7 641 -0.6666666666666666
7 681 -0.5
7 728 -0.5
7 830 -0.5
7 947 -0.5
7 1012 -0.5
7 1066 -0.5
7 1075 -0.5
7 1170 -0.75
7 1191 -0.5
7 1246 -0.5
7 1307 -0.75
7 1403 -0.5
7 1494 -0.5
7 1499 -0.5
7 2093 -0.5
7 2096 -0.5
7 2138 -0.5
7 2155 -0.5
7 2165 -0.75
7 2207 -0.5
7 2239 -0.75
7 2348 -0.5
7 2370 -0.5
7 2408 -0.5
7 2411 -0.75
7 2801 -0.5
7 3024 -0.75
7 3078 -0.5
7 3395 -0.75
7 3456 -0.5
8 320 -0.75
8 2620 0.875
8 10 -0.5
8 82 -0.5
8 207 -0.75
8 328 -0.5
8 342 -0.75
8 352 -0.5
8 406 -0.5
8 421 -0.6666666666666666
8 481 -0.5
8 560 -0.5
8 666 -0.6666666666666666
8 705 -0.5
8 878 -0.5
8 917 -0.5
8 992 -0.5
8 1055 -0.5
8 1161 -0.75
8 1360 -0.5
8 1889 -0.5
8 2015 -0.5
8 2399 -0.5
8 2772 -0.5
8 2841 -0.6666666666666666
8 3056 -0.5
8 3170 -0.6666666666666666
8 3579 -0.5
9 524 -0.75
9 981 0.875
9 10 -0.5
9 36 -0.75
9 288 -0.5
9 306 -0.75
9 538 -0.5
9 576 -0.5
9 810 -0.5
9 859 -0.5
9 863 -0.5
9 927 -0.5
10 1295 -0.6666666666666666
10 3723 0.875
10 10 -0.5
10 32 -0.5
10 45 -0.5
10 77 -0.5
10 120 -0.5
10 185 -0.5
10 207 -0.75
10 262 -0.5
10 264 -0.75
10 268 -0.75
10 344 -0.75
10 388 -0.5
10 403 -0.75
10 469 -0.5
10 497 -0.5
10 573 -0.5
10 719 -0.5
10 891 -0.75
10 1045 -0.5
10 1058 -0.6666666666666666
10 1079 -0.5
10 1210 -0.5
10 1326 -0.75
10 1345 -0.5
10 1408 -0.5
10 1433 -0.75
10 1480 -0.75
10 1482 -0.5
10 1588 -0.75
10 1804 -0.75
10 1849 -0.6666666666666666
10 1873 -0.75
10 1903 -0.6666666666666666
10 1957 -0.5
10 2043 -0.75
10 2057 -0.75
10 2077 -0.6666666666666666
10 2136 -0.75
10 2195 -0.5
10 2241 -0.5
10 2257 -0.5
10 2309 -0.75
10 2325 -0.5
10 2449 -0.5
10 2832 -0.75
10 2840 -0.75
10 2845 -0.5
10 2998 -0.5
10 3045 -0.5
10 3102 -0.5
10 3253 -0.5
10 3257 -0.5
10 3282 -0.5
10 3360 -0.6666666666666666
10 3397 -0.75
10 3438 -0.5
10 3454 -0.75
10 3488 -0.75
10 3495 -0.5
10 3498 -0.5
10 3546 -0.5
10 3594 -0.5
10 3612 -0.5
11 11 -0.5
11 13 -0.5
11 80 -0.5
11 106 -0.5
11 107 -0.5
11 163 -0.5
11 184 -0.5
11 250 -0.75
11 326 -0.5
11 327 -0.5
11 333 -0.5
11 371 -0.5
11 380 -0.5
11 413 -0.75
11 416 -0.5
11 442 -0.5
11 652 -0.5
11 681 -0.5
11 706 -0.5
11 730 -0.5
11 806 -0.5
11 930 -0.5
11 1000 -0.5
11 1038 -0.5
11 1049 -0.75
11 1066 -0.5
11 1125 -0.5
11 1187 -0.5
11 1230 -0.75
11 1915 -0.5
11 1944 -0.5
11 2560 -0.5
11 2933 -0.5
12 12 -0.5
12 102 -0.75
12 107 -0.5
12 136 -0.5
12 142 -0.5
12 159 -0.5
12 617 -0.5
12 686 -0.5
12 1123 -0.75
12 1915 -0.5
12 1932 -0.75
12 2646 -0.75
12 2754 -0.5
12 2858 -0.5
13 13 -0.5
13 248 -0.5
13 266 -0.75
13 273 -0.5
13 408 -0.5
13 702 -0.5
13 746 -0.5
13 811 -0.5
13 848 -0.5
13 930 -0.5
13 931 -0.5
13 3012 -0.5
14 14 -0.5
14 22 -0.5
14 23 -0.5
14 27 -0.5
14 43 -0.5
14 48 -0.6666666666666666
14 61 -0.5
14 88 -0.5
14 144 -0.75
14 179 -0.5
14 244 -0.5
15 205 0.75
15 765 -0.75
15 914 -0.6666666666666666
15 936 0.875
15 1215 0.75
15 1231 0.5
15 1331 -0.75
15 1348 -0.6666666666666666
15 1443 0.75
15 1607 0.75
15 2168 -0.6666666666666666
15 2541 0.875
15 3515 0.75
15 15 -0.75
15 50 -0.5
15 111 -0.5
15 147 -0.75
15 165 -0.5
15 236 -0.5
15 262 -0.5
15 268 -0.75
15 280 -0.5
15 305 -0.5
15 340 -0.5
15 389 -0.5
15 414 -0.75
15 608 -0.75
15 733 -0.5
15 749 -0.5
15 795 -0.75
15 901 -0.5
15 939 -0.5
15 940 -0.75
15 953 -0.5
15 992 -0.5
15 1008 -0.6666666666666666
15 1053 -0.5
15 1066 -0.5
15 1105 -0.5
15 1119 -0.75
15 1129 -0.75
15 1147 -0.5
15 1166 -0.5
15 1222 -0.75
15 1223 -0.5
15 1227 -0.5
15 1230 -0.75
15 1241 -0.5
15 1318 -0.75
15 1350 -0.75
15 1381 -0.5
15 1402 -0.75
15 1468 -0.75
15 1469 -0.5
15 1506 -0.75
15 1588 -0.75
15 1623 -0.5
15 1695 -0.5
15 1720 -0.5
15 1922 -0.5
15 1958 -0.5
15 2005 -0.5
15 2006 -0.6666666666666666
15 2011 -0.5
15 2023 -0.5
15 2043 -0.75
15 2071 -0.5
15 2082 -0.5
15 2105 -0.5
15 2171 -0.5
15 2198 -0.5
15 2492 -0.5
15 2505 -0.5
15 2624 -0.5
15 2796 -0.5
15 2822 -0.5
15 3247 -0.5
15 3361 -0.5
15 3601 -0.5
16 269 0.875
16 981 -0.6666666666666666
16 16 -0.5
16 626 -0.5
16 818 -0.5
16 947 -0.5
16 1093 -0.75
16 2428 -0.5
16 2947 -0.5
17 722 0.875
17 16 -0.5
17 29 -0.6666666666666666
17 68 -0.5
17 94 -0.5
17 179 -0.5
17 325 -0.5
17 364 -0.5
17 402 -0.5
17 427 -0.5
17 459 -0.5
17 460 -0.5
17 609 -0.5
17 702 -0.5
17 736 -0.5
17 752 -0.5
17 795 -0.75
17 800 -0.6666666666666666
17 880 -0.5
17 888 -0.75
17 1839 -0.5
17 3726 -0.6666666666666666
18 17 -0.5
18 204 -0.5
18 207 -0.75
18 208 -0.5
18 443 -0.5
18 519 -0.5
18 688 -0.5
18 990 -0.5
18 1017 -0.5
18 1289 -0.5
18 1362 -0.5
18 1499 -0.5
18 1639 -0.5
18 1868 -0.5
18 2139 -0.5
18 2215 -0.5
18 2370 -0.5
18 2877 -0.5
18 2970 -0.5
18 3392 -0.75
19 135 0.875
19 24 -0.5
19 82 -0.5
19 231 -0.5
19 277 -0.5
19 325 -0.5
19 338 -0.5
19 408 -0.5
19 442 -0.5
19 443 -0.5
19 532 -0.5
19 643 -0.5
19 760 -0.5
19 787 -0.5
19 1192 -0.75
19 1423 -0.5
19 1429 -0.5
19 1836 -0.5
19 1859 -0.75
19 2043 -0.75
19 2206 -0.5
19 2350 -0.5
19 2352 -0.5
19 3052 -0.5
19 3095 -0.5
19 3226 -0.5
19 3632 -0.5
19 3655 -0.5
20 24 -0.5
20 182 -0.75
20 597 -0.5
20 822 -0.5
20 1153 -0.5
20 1345 -0.5
20 1391 -0.5
20 2103 -0.5
20 3082 -0.5
20 3373 -0.75
20 3403 -0.75
20 3510 -0.5
20 3511 -0.5
21 1216 0.5
21 25 -0.5
21 192 -0.5
21 297 -0.5
21 302 -0.5
21 421 -0.6666666666666666
21 606 -0.75
21 868 -0.5
21 2341 -0.5
22 25 -0.5
22 1290 -0.75
22 2010 -0.5
22 2163 -0.5
22 2246 -0.75
22 2266 -0.75
22 2660 -0.5
22 2679 -0.75
22 3018 -0.5
22 3027 -0.5
22 3581 -0.5
23 30 0.75
23 261 0.875
23 357 -0.6666666666666666
23 375 0.875
23 567 -0.75
23 738 -0.6666666666666666
23 27 -0.5
23 39 -0.5
23 42 -0.5
23 50 -0.5
23 54 -0.5
23 66 -0.6666666666666666
23 100 -0.5
23 119 -0.5
23 125 -0.5
23 132 -0.5
23 139 -0.5
23 157 -0.5
23 214 -0.5
23 251 -0.6666666666666666
23 277 -0.5
23 282 -0.75
23 292 -0.5
23 329 -0.5
23 346 -0.75
23 372 -0.5
23 390 -0.5
23 393 -0.5
23 463 -0.5
23 489 -0.5
23 508 -0.5
23 545 -0.5
23 594 -0.5
23 603 -0.75
23 613 -0.6666666666666666
23 644 -0.5
24 1332 -0.6666666666666666
24 30 -0.75
24 47 -0.75
24 93 -0.5
24 100 -0.5
24 108 -0.5
24 296 -0.75
24 330 -0.5
24 365 -0.5
24 401 -0.6666666666666666
24 585 -0.5
24 696 -0.5
24 756 -0.5
24 766 -0.5
24 833 -0.5
24 876 -0.5
24 892 -0.5
24 1027 -0.75
24 1042 -0.5
24 1044 -0.5
24 1073 -0.75
24 1178 -0.5
24 1262 -0.5
24 1309 -0.5
24 1339 -0.5
24 1363 -0.5
24 1365 -0.5
24 1409 -0.5
24 1454 -0.5
24 1465 -0.5
24 1520 -0.5
24 1574 -0.5
24 1586 -0.5
24 1612 -0.5
24 1645 -0.5
24 1700 -0.5
24 1734 -0.5
24 1737 -0.5
24 1786 -0.5
24 1837 -0.5
24 1870 -0.5
24 2035 -0.5
24 2082 -0.5
24 2105 -0.5
24 2426 -0.5
24 2454 -0.5
24 2596 -0.5
24 2679 -0.75
24 2868 -0.5
24 2879 -0.5
24 2884 -0.5
24 2965 -0.5
24 2976 -0.5
24 3043 -0.75
24 3118 -0.5
24 3315 -0.5
24 3406 -0.5
24 3410 -0.5
24 3496 -0.5
24 3501 -0.5
24 3589 -0.5
25 31 -0.5
25 195 -0.5
25 196 -0.5
25 252 -0.6666666666666666
25 303 -0.5
25 454 -0.5
25 455 -0.5
25 535 -0.5
25 617 -0.5
25 649 -0.5
25 694 -0.5
25 699 -0.75
25 719 -0.5
25 790 -0.5
25 823 -0.5
25 826 -0.5
25 860 -0.5
25 892 -0.5
25 942 -0.5
25 1740 -0.5
25 1759 -0.6666666666666666
25 1792 -0.75
25 1830 -0.5
25 1862 -0.5
25 1923 -0.5
25 2034 -0.5
25 2067 -0.5
25 2093 -0.5
25 2150 -0.5
25 2153 -0.5
25 2220 -0.75
25 2236 -0.5
25 2442 -0.75
25 2454 -0.5
25 2640 -0.5
25 3148 -0.5
25 3517 -0.5
26 413 0.75
26 510 0.875
26 565 -0.6666666666666666
26 32 -0.5
26 83 -0.5
26 114 -0.5
26 233 -0.5
26 359 -0.5
26 362 -0.5
26 380 -0.5
26 402 -0.5
26 535 -0.5
26 538 -0.5
26 579 -0.5
26 580 -0.75
26 581 -0.5
26 582 -0.5
26 583 -0.5
26 585 -0.5
26 642 -0.5
27 32 -0.5
27 300 -0.5
27 336 -0.5
27 642 -0.5
27 1066 -0.5
27 1089 -0.5
27 1170 -0.75
27 1203 -0.5
27 2007 -0.5
27 2221 -0.6666666666666666
27 3186 -0.5
28 32 -0.5
28 45 -0.5
28 92 -0.5
28 95 -0.5
28 224 -0.5
28 1259 -0.5
28 1371 -0.5
28 1380 -0.75
28 1537 -0.5
28 1744 -0.5
28 1797 -0.5
28 2021 -0.5
28 2154 -0.5
28 2212 -0.5
28 2229 -0.5
28 2281 -0.5
28 3246 -0.5
28 3348 -0.5
28 3386 -0.6666666666666666
28 3509 -0.5
28 3579 -0.5
28 3664 -0.5
29 34 -0.5
29 253 -0.5
29 298 -0.5
29 387 -0.5
29 437 -0.5
29 626 -0.5
29 711 -0.5
29 758 -0.5
29 923 -0.5
29 972 -0.5
29 975 -0.5
29 1152 -0.5
29 1286 -0.5
29 1302 -0.5
29 1321 -0.75
29 1702 -0.5
29 1799 -0.5
29 1841 -0.5
29 2107 -0.75
29 2228 -0.75
29 2588 -0.5
29 2596 -0.5
29 2734 -0.5
29 3025 -0.5
29 3140 -0.5
29 3256 -0.5
29 3531 -0.5
29 3547 -0.5
29 3578 -0.5
29 3617 -0.5
30 37 -0.6666666666666666
30 1570 -0.6666666666666666
30 2542 -0.6666666666666666
30 76 -0.5
30 81 -0.5
30 227 -0.5
30 323 -0.5
30 331 -0.5
30 382 -0.5
30 402 -0.5
30 403 -0.75
30 443 -0.5
30 444 -0.5
30 465 -0.5
30 473 -0.5
30 487 -0.5
30 489 -0.5
30 503 -0.5
30 506 -0.5
30 515 -0.5
30 608 -0.75
30 665 -0.75
30 697 -0.5
30 702 -0.5
30 718 -0.5
30 753 -0.5
30 792 -0.5
30 822 -0.5
30 868 -0.5
30 887 -0.5
30 973 -0.6666666666666666
30 1021 -0.5
30 1024 -0.5
30 1027 -0.75
30 1029 -0.75
30 1076 -0.75
30 1118 -0.75
30 1230 -0.75
30 1269 -0.5
30 1281 -0.5
30 1296 -0.5
30 1297 -0.5
30 1319 -0.5
30 1320 -0.75
30 1335 -0.5
30 1369 -0.5
30 1513 -0.5
30 1516 -0.5
30 1520 -0.5
30 1545 -0.5
30 1590 -0.5
30 1599 -0.5
30 1602 -0.5
30 1650 -0.75
30 1660 -0.5
30 1672 -0.5
30 1683 -0.5
30 2232 -0.75
30 2238 -0.5
30 2261 -0.5
30 2354 -0.75
30 2355 -0.5
30 2480 -0.5
30 2517 -0.6666666666666666
30 2601 -0.5
30 2684 -0.5
30 2705 -0.5
30 2711 -0.5
30 2767 -0.5
30 2768 -0.5
30 2813 -0.5
30 2825 -0.75
30 2869 -0.6666666666666666
30 2871 -0.5
30 3061 -0.5
31 38 -0.6666666666666666
31 946 0.75
31 662 -0.6666666666666666
31 816 -0.5
31 1632 -0.5
31 1634 -0.5
31 1845 -0.75
31 1992 -0.5
31 2016 -0.5
31 2027 -0.5
31 2040 -0.75
31 2119 -0.75
31 2147 -0.5
31 2307 -0.5
31 2395 -0.5
31 2441 -0.75
31 3258 -0.5
31 3408 -0.5
31 3485 -0.5
32 3442 0.875
32 40 -0.5
32 181 -0.5
32 291 -0.5
32 577 -0.5
32 1015 -0.5
32 1738 -0.5
32 1771 -0.5
32 1829 -0.5
32 1860 -0.5
32 2148 -0.5
32 2190 -0.5
32 2196 -0.5
32 2220 -0.75
32 2370 -0.5
32 2459 -0.75
32 2616 -0.5
32 3274 -0.75
32 3352 -0.5
32 3405 -0.5
32 3408 -0.5
32 3415 -0.5
32 3519 -0.5
33 41 -0.5
33 386 -0.5
33 905 -0.5
33 963 -0.5
33 1201 -0.5
33 1335 -0.5
33 1434 -0.75
33 1580 -0.5
33 1581 -0.5
33 1625 -0.5
33 1678 -0.75
33 1697 -0.5
33 1720 -0.5
33 1731 -0.5
33 1740 -0.5
33 1799 -0.5
33 1803 -0.75
33 1832 -0.5
33 1837 -0.5
33 1919 -0.5
33 2373 -0.6666666666666666
33 2449 -0.5
33 2602 -0.5
33 2997 -0.75
33 3720 -0.75
34 42 -0.5
34 227 -0.5
34 293 -0.5
34 379 -0.5
34 384 -0.5
34 423 -0.5
34 434 -0.5
34 436 -0.5
34 704 -0.5
34 749 -0.5
34 829 -0.5
34 975 -0.5
34 1313 -0.75
34 1419 -0.5
34 1740 -0.5
34 1761 -0.75
34 1787 -0.5
34 1921 -0.5
34 2364 -0.5
34 2485 -0.5
34 2736 -0.5
34 2813 -0.5
34 3028 -0.5
34 3076 -0.5
35 213 0.5
35 217 0.5
35 221 0.5
35 222 0.5
35 240 0.5
35 246 0.75
35 249 0.5
35 272 0.5
35 276 0.75
35 307 0.5
35 313 0.5
35 408 0.5
35 416 0.5
35 419 0.5
35 45 -0.5
35 668 -0.75
36 46 -0.75
36 58 -0.75
36 116 -0.5
36 153 -0.5
36 207 -0.75
36 302 -0.5
36 312 -0.5
36 448 -0.5
36 462 -0.5
36 504 -0.5
36 517 -0.5
36 519 -0.5
36 626 -0.5
36 634 -0.75
36 757 -0.75
36 763 -0.5
36 787 -0.5
36 794 -0.5
36 833 -0.5
36 1020 -0.5
36 1044 -0.5
36 1080 -0.5
36 1121 -0.75
36 1169 -0.5
37 47 0.75
37 305 -0.5
37 467 -0.6666666666666666
37 568 -0.6666666666666666
37 628 -0.75
37 741 -0.5
37 827 -0.5
37 1008 -0.6666666666666666
37 1609 -0.5
37 1610 -0.5
37 2658 -0.6666666666666666
37 3198 -0.5
38 393 0.5
38 1262 0.5
38 2322 0.75
38 2490 -0.75
38 49 -0.5
38 89 -0.5
38 99 -0.75
38 152 -0.5
38 236 -0.5
38 276 -0.75
38 278 -0.5
38 307 -0.5
38 364 -0.5
38 415 -0.5
38 476 -0.5
38 507 -0.5
38 508 -0.5
38 526 -0.5
38 554 -0.5
38 575 -0.75
38 614 -0.5
38 664 -0.5
38 677 -0.5
38 688 -0.5
38 728 -0.5
38 734 -0.5
38 735 -0.75
38 737 -0.5
38 745 -0.5
38 764 -0.75
38 772 -0.5
38 809 -0.5
38 839 -0.5
38 939 -0.5
38 959 -0.5
38 1000 -0.5
38 1011 -0.75
38 1181 -0.5
38 1183 -0.5
38 1208 -0.5
38 1209 -0.5
38 1218 -0.5
38 1224 -0.5
38 1237 -0.5
38 1240 -0.5
38 1319 -0.5
38 1367 -0.5
38 1383 -0.5
38 1403 -0.5
38 1435 -0.5
38 1479 -0.5
38 1654 -0.5
38 1790 -0.75
38 1812 -0.5
38 1876 -0.5
38 1929 -0.5
38 1948 -0.75
38 2026 -0.5
38 2042 -0.5
38 2099 -0.75
38 2122 -0.5
38 2135 -0.5
38 2148 -0.5
38 2166 -0.75
38 2180 -0.75
38 2193 -0.5
38 2215 -0.5
38 2284 -0.5
38 2306 -0.5
38 2316 -0.5
38 2318 -0.5
38 2413 -0.5
38 2450 -0.75
38 2453 -0.5
38 2459 -0.75
38 2488 -0.75
38 2496 -0.5
38 2568 -0.75
38 2630 -0.5
38 2675 -0.5
38 2739 -0.5
38 2765 -0.6666666666666666
38 2773 -0.5
38 2791 -0.75
38 2810 -0.5
38 2830 -0.5
38 2933 -0.5
38 2934 -0.5
38 2948 -0.5
38 2966 -0.75
38 2980 -0.75
38 2999 -0.5
38 3049 -0.5
38 3718 -0.75
39 51 -0.5
40 56 -0.5
40 361 -0.5
40 391 -0.5
40 420 -0.5
40 451 -0.5
40 480 -0.5
40 624 -0.5
40 626 -0.5
40 1089 -0.5
40 1157 -0.5
40 1178 -0.5
40 1350 -0.75
40 1468 -0.75
40 1764 -0.75
40 1949 -0.5
40 1988 -0.5
40 2105 -0.5
40 2239 -0.75
40 2300 -0.5
40 2303 -0.5
40 3469 -0.75
41 3232 -0.6666666666666666
41 57 -0.5
41 81 -0.5
41 82 -0.5
41 98 -0.5
41 116 -0.5
41 166 -0.6666666666666666
41 176 -0.5
41 197 -0.5
41 214 -0.5
41 220 -0.5
41 228 -0.5
41 229 -0.5
41 284 -0.5
41 291 -0.5
41 344 -0.75
41 356 -0.5
41 427 -0.5
41 578 -0.75
41 579 -0.5
41 597 -0.5
41 609 -0.5
41 617 -0.5
41 678 -0.5
41 694 -0.5
41 846 -0.5
41 855 -0.5
41 943 -0.5
41 955 -0.5
41 977 -0.5
41 988 -0.5
41 1014 -0.5
41 1015 -0.5
41 1110 -0.5
41 1254 -0.5
41 1261 -0.5
41 1271 -0.5
41 1333 -0.75
41 1373 -0.5
41 1451 -0.5
41 1525 -0.5
41 1706 -0.5
41 1738 -0.5
41 1851 -0.75
41 1924 -0.5
41 2063 -0.75
41 2073 -0.5
41 2083 -0.75
41 2148 -0.5
41 2251 -0.75
41 2410 -0.75
41 2461 -0.5
41 2525 -0.5
41 2609 -0.5
41 2634 -0.5
41 2734 -0.5
41 2754 -0.5
41 2812 -0.75
41 2907 -0.6666666666666666
41 2946 -0.5
41 2993 -0.5
41 3009 -0.5
41 3040 -0.6666666666666666
41 3056 -0.5
41 3090 -0.5
41 3173 -0.5
41 3180 -0.75
41 3225 -0.5
41 3229 -0.5
41 3264 -0.5
41 3269 -0.5
41 3302 -0.5
41 3310 -0.75
41 3343 -0.5
41 3373 -0.75
41 3374 -0.5
41 3478 -0.5
41 3555 -0.5
41 3581 -0.5
41 3694 -0.5
42 129 0.875
42 946 0.75
42 2915 0.875
42 2959 0.875
42 59 -0.5
42 466 -0.6666666666666666
42 542 -0.6666666666666666
42 635 -0.5
42 735 -0.75
42 777 -0.6666666666666666
42 1202 -0.6666666666666666
42 1230 -0.75
42 3205 -0.5
42 3484 -0.5
43 60 -0.6666666666666666
43 288 -0.5
43 657 -0.5
43 750 -0.5
43 1051 -0.5
43 2549 -0.5
43 2656 -0.5
43 2729 -0.75
43 2847 -0.5
43 3005 -0.5
43 3375 -0.5
43 3417 -0.75
43 3482 -0.5
43 3540 -0.5
43 3562 -0.5
43 3697 -0.5
43 3703 -0.75
44 186 0.875
44 738 0.875
44 1067 0.75
44 1420 0.875
44 1474 0.875
44 1576 0.875
44 1891 0.875
44 61 -0.5
44 72 -0.75
44 82 -0.5
44 92 -0.5
44 93 -0.5
44 94 -0.5
44 121 -0.5
44 126 -0.5
44 131 -0.5
44 134 -0.5
44 138 -0.75
44 168 -0.5
44 171 -0.5
44 203 -0.5
44 235 -0.5
44 280 -0.5
44 349 -0.5
44 358 -0.5
44 386 -0.5
44 451 -0.5
44 468 -0.5
44 469 -0.5
44 470 -0.5
44 487 -0.5
44 535 -0.5
44 547 -0.75
44 643 -0.5
44 689 -0.5
44 692 -0.5
44 720 -0.5
44 728 -0.5
44 731 -0.5
44 734 -0.5
44 744 -0.5
44 756 -0.5
44 766 -0.5
44 825 -0.5
44 852 -0.5
44 916 -0.5
44 962 -0.5
44 1057 -0.5
44 1134 -0.5
44 1190 -0.75
44 1212 -0.75
44 1218 -0.5
44 1222 -0.75
44 1254 -0.5
44 1390 -0.5
44 1430 -0.5
44 1444 -0.5
44 1460 -0.5
44 1524 -0.5
44 1532 -0.5
44 1551 -0.75
44 1564 -0.5
44 1581 -0.5
44 1614 -0.5
44 1623 -0.5
44 1635 -0.5
44 1638 -0.5
44 1680 -0.5
44 1901 -0.5
44 1906 -0.6666666666666666
44 1942 -0.75
44 1952 -0.5
44 2039 -0.75
44 2058 -0.5
44 2060 -0.5
44 2065 -0.5
44 2067 -0.5
44 2358 -0.5
45 63 -0.5
45 150 -0.5
45 620 -0.75
45 816 -0.5
45 1144 -0.5
45 1258 -0.5
45 1511 -0.5
45 1639 -0.5
45 1734 -0.5
45 1900 -0.5
45 1901 -0.5
46 64 -0.6666666666666666
46 154 -0.5
46 250 -0.75
46 264 -0.75
46 298 -0.5
46 360 -0.6666666666666666
46 468 -0.5
46 513 -0.5
46 655 -0.75
46 689 -0.5
46 698 -0.5
47 65 -0.75
47 1333 0.75
47 748 -0.75
47 1005 -0.75
47 1020 -0.5
47 1037 -0.5
47 1107 -0.5
47 1130 -0.5
47 1276 -0.5
47 1287 -0.5
47 1351 -0.5
47 1449 -0.75
47 1617 -0.75
47 1652 -0.5
47 1746 -0.5
47 1789 -0.5
47 1833 -0.5
47 2010 -0.5
47 2171 -0.5
47 2176 -0.5
47 2377 -0.5
47 2394 -0.5
47 2414 -0.5
47 2525 -0.5
47 3244 -0.5
48 69 -0.5
48 337 -0.5
48 356 -0.5
48 497 -0.5
48 667 -0.5
48 1015 -0.5
48 1101 -0.6666666666666666
48 1135 -0.5
48 1137 -0.5
48 1138 -0.5
48 1166 -0.5
48 1214 -0.75
48 1217 -0.5
48 1223 -0.5
48 1258 -0.5
48 1279 -0.75
48 1280 -0.5
48 1282 -0.5
48 1363 -0.5
48 1391 -0.5
48 1392 -0.5
48 1398 -0.75
48 1539 -0.5
48 1590 -0.5
48 1623 -0.5
48 1731 -0.5
48 1894 -0.6666666666666666
48 1909 -0.5
49 981 0.875
49 1015 0.5
49 69 -0.5
49 987 -0.5
49 990 -0.5
49 1075 -0.5
49 1094 -0.5
49 1100 -0.5
49 1162 -0.5
49 1213 -0.5
50 2959 -0.6666666666666666
50 70 -0.5
50 223 -0.5
50 257 -0.75
50 378 -0.5
50 507 -0.5
50 530 -0.5
50 755 -0.5
50 892 -0.5
50 903 -0.5
50 1013 -0.5
50 1034 -0.5
50 1188 -0.5
50 1553 -0.5
50 1555 -0.75
50 1595 -0.5
50 1687 -0.5
50 1722 -0.6666666666666666
50 1860 -0.5
50 1882 -0.5
50 1920 -0.5
50 2197 -0.5
50 2248 -0.5
50 2575 -0.75
50 2583 -0.5
50 2628 -0.5
50 2921 -0.5
50 3001 -0.5
50 3097 -0.5
50 3101 -0.5
50 3106 -0.75
50 3145 -0.75
50 3203 -0.5
50 3268 -0.75
51 2121 -0.6666666666666666
51 71 -0.5
51 78 -0.5
51 120 -0.5
51 149 -0.5
51 283 -0.5
51 324 -0.5
51 610 -0.6666666666666666
51 680 -0.5
51 1292 -0.5
51 2336 -0.5
51 2420 -0.5
52 1420 -0.6666666666666666
52 73 -0.5
52 82 -0.5
52 127 -0.5
52 192 -0.5
52 268 -0.75
52 429 -0.5
52 448 -0.5
52 455 -0.5
52 495 -0.5
52 512 -0.6666666666666666
52 618 -0.5
52 684 -0.5
52 752 -0.5
52 796 -0.75
52 839 -0.5
52 904 -0.5
52 926 -0.5
52 976 -0.5
52 1012 -0.5
52 1019 -0.5
52 1038 -0.5
52 1066 -0.5
52 1081 -0.5
52 1101 -0.6666666666666666
52 1105 -0.5
52 1120 -0.5
52 1176 -0.75
52 1229 -0.5
52 1262 -0.5
52 1286 -0.5
52 1324 -0.75
52 1369 -0.5
52 1419 -0.5
52 1432 -0.5
52 1435 -0.5
52 1437 -0.6666666666666666
52 1458 -0.5
52 1459 -0.5
52 1475 -0.75
52 1504 -0.5
52 1544 -0.6666666666666666
52 1628 -0.5
52 1748 -0.5
52 1758 -0.5
52 1878 -0.5
52 2011 -0.5
52 2132 -0.75
52 2169 -0.5
52 2213 -0.5
52 2275 -0.5
52 2316 -0.5
52 2365 -0.5
52 2376 -0.5
52 2389 -0.75
52 2416 -0.5
52 2423 -0.5
52 2493 -0.75
52 2616 -0.5
52 2626 -0.5
52 2632 -0.5
52 2756 -0.5
52 2772 -0.5
52 2836 -0.5
52 2872 -0.75
52 3051 -0.5
52 3066 -0.75
52 3069 -0.75
52 3076 -0.5
52 3077 -0.5
52 3221 -0.5
52 3251 -0.5
52 3261 -0.5
52 3305 -0.5
52 3329 -0.5
52 3357 -0.5
52 3371 -0.75
52 3394 -0.5
52 3403 -0.75
52 3441 -0.6666666666666666
52 3556 -0.5
52 3614 -0.5
52 3686 -0.5
53 73 -0.5
53 107 -0.5
53 200 -0.5
53 230 -0.5
53 346 -0.75
53 589 -0.5
53 625 -0.5
53 1127 -0.75
53 1170 -0.75
53 1237 -0.5
53 1598 -0.5
53 1599 -0.5
53 1795 -0.5
53 1898 -0.5
53 1901 -0.5
53 1998 -0.5
53 2005 -0.5
53 2120 -0.5
53 2126 -0.5
53 2214 -0.5
53 2326 -0.5
53 2372 -0.5
53 2403 -0.5
53 2431 -0.5
53 2498 -0.5
53 2566 -0.5
53 2579 -0.75
53 2630 -0.5
53 2647 -0.5
53 2741 -0.5
53 2836 -0.5
53 2905 -0.5
53 2954 -0.5
53 3631 -0.5
54 3232 0.875
54 73 -0.5
54 139 -0.5
54 262 -0.5
54 2407 -0.5
54 2414 -0.5
54 3246 -0.5
54 3440 -0.5
54 3442 -0.6666666666666666
54 3509 -0.5
54 3673 -0.5
55 791 -0.6666666666666666
55 74 -0.5
55 82 -0.5
55 181 -0.5
55 212 -0.5
55 228 -0.5
55 276 -0.75
55 583 -0.5
55 647 -0.5
55 729 -0.5
55 785 -0.5
55 792 -0.5
55 887 -0.5
55 917 -0.5
55 926 -0.5
56 1047 0.875
56 76 -0.5
56 491 -0.5
56 872 -0.5
56 933 -0.6666666666666666
56 969 -0.5
56 1035 -0.5
56 1138 -0.5
56 1222 -0.75
56 1259 -0.5
56 1648 -0.5
57 77 -0.5
57 114 -0.5
57 225 -0.5
57 285 -0.5
57 286 -0.5
57 290 -0.5
57 450 -0.5
57 461 -0.5
57 465 -0.5
57 470 -0.5
57 519 -0.5
57 612 -0.5
57 732 -0.5
57 752 -0.5
57 832 -0.5
57 973 -0.6666666666666666
57 977 -0.5
57 1091 -0.75
57 1111 -0.5
57 1120 -0.5
57 1223 -0.5
57 1351 -0.5
57 1415 -0.5
57 1429 -0.5
57 1524 -0.5
57 1879 -0.5
57 1907 -0.5
57 2164 -0.5
57 3159 -0.5
57 3348 -0.5
57 3399 -0.5
58 78 -0.5
58 102 -0.75
58 138 -0.75
58 225 -0.5
58 274 -0.5
58 311 -0.5
58 340 -0.5
58 374 -0.5
58 378 -0.5
58 519 -0.5
58 602 -0.5
59 79 -0.6666666666666666
59 110 -0.5
59 113 -0.75
59 178 -0.5
59 304 -0.5
59 447 -0.5
59 517 -0.5
59 1535 -0.75
60 661 0.875
60 81 -0.5
60 129 -0.6666666666666666
60 148 -0.5
60 178 -0.5
60 224 -0.5
60 239 -0.5
60 245 -0.5
60 341 -0.75
60 426 -0.5
60 474 -0.5
60 478 -0.5
60 614 -0.5
60 711 -0.5
60 715 -0.5
60 809 -0.5
60 821 -0.5
60 3709 -0.5
61 82 -0.5
61 318 -0.75
61 329 -0.5
61 343 -0.5
61 423 -0.5
61 468 -0.5
61 470 -0.5
61 627 -0.75
61 673 -0.75
61 731 -0.5
61 851 -0.75
61 866 -0.5
61 893 -0.5
62 84 -0.5
62 145 -0.5
62 340 -0.5
62 491 -0.5
62 652 -0.5
62 680 -0.5
62 811 -0.5
62 1025 -0.5
62 1102 -0.5
62 1229 -0.5
62 1259 -0.5
62 1358 -0.5
62 1465 -0.5
62 3440 -0.5
63 86 -0.5
63 94 -0.5
63 128 -0.5
63 130 -0.75
63 161 -0.5
63 282 -0.75
63 391 -0.5
63 636 -0.75
63 674 -0.5
63 675 -0.5
63 693 -0.5
63 694 -0.5
63 699 -0.75
63 750 -0.5
63 771 -0.5
63 776 -0.75
63 810 -0.5
63 825 -0.5
63 843 -0.75
63 848 -0.5
63 895 -0.5
63 907 -0.5
63 911 -0.5
63 990 -0.5
63 1051 -0.5
63 1095 -0.5
63 1138 -0.5
63 1151 -0.5
63 1206 -0.5
63 1223 -0.5
63 1242 -0.5
63 1297 -0.5
63 1316 -0.5
63 1389 -0.75
63 1483 -0.75
63 1528 -0.75
63 1529 -0.5
63 1532 -0.5
63 1547 -0.75
63 1560 -0.75
63 1572 -0.75
63 1639 -0.5
63 1652 -0.5
63 1656 -0.5
63 1661 -0.5
63 1681 -0.5
63 1839 -0.5
63 1956 -0.5
63 1974 -0.5
63 2000 -0.75
63 2013 -0.5
63 2016 -0.5
63 2144 -0.5
63 2167 -0.5
63 2205 -0.5
63 2382 -0.5
63 2456 -0.5
63 2592 -0.5
63 2652 -0.5
63 2756 -0.5
63 2783 -0.6666666666666666
63 2874 -0.5
63 2968 -0.5
63 3002 -0.5
63 3060 -0.5
63 3079 -0.5
63 3250 -0.5
63 3522 -0.5
63 3541 -0.5
63 3606 -0.5
64 2670 0.875
64 2685 0.75
64 97 -0.6666666666666666
64 315 -0.5
64 1758 -0.5
64 1921 -0.5
64 1996 -0.5
64 2572 -0.75
64 2607 -0.5
64 2617 -0.5
64 2663 -0.5
64 2671 -0.5
64 2786 -0.5
64 2909 -0.5
64 3066 -0.75
64 3226 -0.5
65 209 0.75
65 654 0.5
65 745 0.5
65 795 0.75
65 1300 0.5
65 100 -0.5
65 101 -0.5
65 114 -0.5
65 488 -0.5
65 878 -0.5
65 1142 -0.5
65 1458 -0.5
65 1834 -0.5
65 2160 -0.5
65 2322 -0.75
65 3230 -0.5
65 3260 -0.5
66 102 -0.75
66 161 -0.5
66 250 -0.75
66 538 -0.5
66 589 -0.5
66 692 -0.5
66 959 -0.5
66 960 -0.5
66 1000 -0.5
66 1014 -0.5
66 1081 -0.5
66 1128 -0.5
67 103 -0.5
67 108 -0.5
67 126 -0.5
67 148 -0.5
67 171 -0.5
67 175 -0.5
67 183 -0.5
67 188 -0.75
67 208 -0.5
67 254 -0.6666666666666666
67 255 -0.5
67 256 -0.75
67 257 -0.75
67 271 -0.5
67 273 -0.5
67 281 -0.5
67 297 -0.5
67 402 -0.5
67 453 -0.5
67 492 -0.5
67 494 -0.5
67 571 -0.75
68 105 -0.75
68 162 -0.5
68 274 -0.5
68 315 -0.5
68 333 -0.5
68 385 -0.6666666666666666
68 506 -0.5
68 621 -0.5
68 650 -0.5
68 915 -0.5
68 936 -0.6666666666666666
68 948 -0.5
68 1014 -0.5
68 1127 -0.75
68 1178 -0.5
68 1310 -0.5
68 1340 -0.75
68 1458 -0.5
68 2217 -0.5
68 2261 -0.5
68 2387 -0.5
68 2505 -0.5
68 2676 -0.5
68 3002 -0.5
68 3241 -0.5
68 3584 -0.5
69 106 -0.5
69 184 -0.5
69 211 -0.5
69 223 -0.5
69 277 -0.5
69 434 -0.5
69 525 -0.5
69 562 -0.5
69 563 -0.75
69 619 -0.6666666666666666
69 640 -0.5
69 663 -0.5
69 685 -0.5
69 697 -0.5
69 1160 -0.5
69 1184 -0.5
69 1194 -0.75
69 1206 -0.5
69 1223 -0.5
69 1242 -0.5
69 1255 -0.75
69 1453 -0.5
69 1599 -0.5
69 1655 -0.5
69 1675 -0.75
69 1680 -0.5
69 1700 -0.5
69 1739 -0.6666666666666666
69 1790 -0.75
70 109 0.5
70 793 0.5
70 952 0.5
70 963 0.5
70 1138 0.5
70 1383 0.5
70 1543 0.5
70 1590 0.5
70 1723 0.5
70 1938 0.5
71 1596 -0.6666666666666666
71 3263 -0.6666666666666666
71 115 -0.75
71 162 -0.5
71 559 -0.5
71 673 -0.75
71 988 -0.5
71 1004 -0.5
71 1171 -0.5
71 1388 -0.75
71 1457 -0.5
71 1628 -0.5
71 1736 -0.5
71 2015 -0.5
71 2294 -0.5
71 2546 -0.75
71 2687 -0.5
71 2953 -0.5
71 3018 -0.5
71 3462 -0.5
71 3510 -0.5
71 3661 -0.75
72 2017 0.875
72 117 -0.75
72 190 -0.5
72 1307 -0.75
72 1422 -0.5
72 1455 -0.5
72 1790 -0.75
72 2934 -0.5
72 3400 -0.5
72 3487 -0.6666666666666666
73 155 0.5
73 701 -0.6666666666666666
73 2765 -0.6666666666666666
73 2939 0.75
73 117 -0.75
73 177 -0.5
73 293 -0.5
73 332 -0.6666666666666666
73 595 -0.5
73 753 -0.5
73 817 -0.5
73 818 -0.5
73 850 -0.5
73 855 -0.5
73 862 -0.5
73 1001 -0.5
73 1069 -0.5
73 1085 -0.5
73 1089 -0.5
73 1178 -0.5
73 1315 -0.5
73 1369 -0.5
73 1630 -0.5
73 2075 -0.5
73 2180 -0.75
73 2394 -0.5
73 2608 -0.5
73 2793 -0.5
73 2795 -0.5
73 2818 -0.5
73 3198 -0.5
73 3290 -0.5
74 120 -0.5
74 637 -0.5
74 734 -0.5
74 756 -0.5
74 792 -0.5
74 870 -0.5
74 1005 -0.75
74 1092 -0.5
74 1094 -0.5
74 1139 -0.5
74 1234 -0.5
74 1272 -0.5
74 1907 -0.5
74 1957 -0.5
74 2101 -0.75
74 2425 -0.5
74 2823 -0.5
74 2981 -0.5
74 3135 -0.5
74 3271 -0.75
74 3278 -0.5
74 3370 -0.5
74 3444 -0.5
74 3509 -0.5
74 3531 -0.5
74 3555 -0.5
74 3572 -0.5
74 3577 -0.5
75 125 -0.5
75 135 -0.6666666666666666
75 180 -0.5
75 244 -0.5
75 434 -0.5
75 531 -0.75
75 579 -0.5
75 679 -0.75
75 874 -0.5
75 882 -0.5
75 933 -0.6666666666666666
75 969 -0.5
75 1056 -0.75
75 1353 -0.5
75 1443 -0.75
75 1743 -0.5
75 1757 -0.5
75 1842 -0.5
75 1859 -0.75
75 1952 -0.5
75 1995 -0.75
75 2041 -0.5
75 2043 -0.75
75 2129 -0.75
75 2272 -0.5
75 2323 -0.5
75 2404 -0.5
75 2405 -0.75
75 2565 -0.5
75 2723 -0.5
75 2887 -0.5
75 2964 -0.75
75 3000 -0.5
75 3065 -0.5
75 3076 -0.5
75 3656 -0.5
76 127 -0.5
76 189 -0.5
76 323 -0.5
76 328 -0.5
76 375 -0.6666666666666666
76 382 -0.5
76 669 -0.5
76 683 -0.5
76 752 -0.5
76 766 -0.5
76 773 -0.5
76 831 -0.75
76 884 -0.5
76 1012 -0.5
76 1061 -0.5
76 1192 -0.75
76 1217 -0.5
76 1648 -0.5
76 1869 -0.5
76 1987 -0.5
76 2176 -0.5
76 2196 -0.5
76 2367 -0.5
76 2385 -0.5
76 2401 -0.5
76 2451 -0.5
76 2489 -0.5
76 2502 -0.5
76 2605 -0.5
76 2617 -0.5
76 2874 -0.5
76 2976 -0.5
76 3036 -0.5
76 3371 -0.75
76 3430 -0.5
76 3524 -0.5
77 130 -0.75
77 176 -0.5
77 178 -0.5
77 181 -0.5
77 908 -0.5
77 957 -0.5
77 1019 -0.5
77 1741 -0.5
77 1832 -0.5
77 1910 -0.5
77 2021 -0.5
77 2113 -0.5
77 2194 -0.5
77 2436 -0.5
78 132 -0.5
78 187 -0.5
78 239 -0.5
78 275 -0.5
78 285 -0.5
78 298 -0.5
78 430 -0.5
78 748 -0.75
78 788 -0.75
78 851 -0.75
78 1274 -0.5
78 1499 -0.5
78 1565 -0.5
78 1860 -0.5
78 1904 -0.6666666666666666
78 2292 -0.75
78 2387 -0.5
78 2408 -0.5
78 2435 -0.5
78 2508 -0.5
78 2733 -0.5
78 2880 -0.5
78 2924 -0.5
78 2991 -0.5
78 3100 -0.5
78 3101 -0.5
78 3108 -0.5
78 3120 -0.5
78 3166 -0.5
78 3242 -0.5
78 3255 -0.5
78 3260 -0.5
78 3279 -0.5
78 3297 -0.5
78 3304 -0.5
78 3305 -0.5
78 3329 -0.5
78 3351 -0.5
78 3368 -0.5
78 3534 -0.75
78 3586 -0.5
78 3598 -0.5
78 3610 -0.75
78 3615 -0.5
78 3644 -0.5
79 138 0.75
79 142 -0.5
79 169 -0.5
79 258 -0.5
79 290 -0.5
79 364 -0.5
79 515 -0.5
79 558 -0.5
79 687 -0.5
79 688 -0.5
79 731 -0.5
79 732 -0.5
79 739 -0.5
79 777 -0.6666666666666666
79 880 -0.5
79 969 -0.5
79 1020 -0.5
79 1040 -0.75
79 1042 -0.5
79 1084 -0.5
79 1294 -0.5
79 1536 -0.5
79 1735 -0.5
79 1779 -0.5
79 1923 -0.5
79 2094 -0.5
79 2272 -0.5
80 138 -0.75
80 187 -0.5
80 253 -0.5
80 266 -0.75
80 345 -0.5
80 351 -0.5
80 579 -0.5
80 689 -0.5
80 863 -0.5
81 145 -0.5
81 146 -0.5
81 303 -0.5
81 505 -0.5
81 899 -0.5
81 980 -0.5
81 1144 -0.5
81 1449 -0.75
81 1823 -0.5
82 145 -0.5
82 154 -0.5
82 227 -0.5
82 388 -0.5
82 654 -0.5
82 746 -0.5
82 785 -0.5
82 795 -0.75
82 965 -0.75
82 1478 -0.5
82 1484 -0.5
82 1644 -0.5
82 1666 -0.75
82 2019 -0.5
82 2800 -0.5
82 3119 -0.6666666666666666
82 3128 -0.5
82 3157 -0.5
82 3267 -0.5
82 3362 -0.5
83 153 -0.5
83 169 -0.5
83 746 -0.5
83 925 -0.5
83 970 -0.75
83 972 -0.5
83 975 -0.5
83 1020 -0.5
83 1160 -0.5
83 1180 -0.75
83 1603 -0.5
83 1648 -0.5
83 1678 -0.75
83 2328 -0.5
83 2572 -0.75
83 2621 -0.5
83 2702 -0.5
83 2911 -0.5
84 154 0.5
84 176 0.5
84 179 0.5
84 291 0.5
84 866 0.5
84 1279 0.75
84 2678 0.75
84 3487 0.875
84 3610 0.75
84 771 -0.5
84 2566 -0.5
84 3138 -0.5
85 1091 0.75
85 155 -0.5
85 156 -0.5
85 159 -0.5
85 163 -0.5
85 184 -0.5
85 185 -0.5
85 195 -0.5
85 222 -0.5
85 253 -0.5
85 298 -0.5
85 317 -0.5
85 374 -0.5
85 382 -0.5
85 403 -0.75
85 453 -0.5
85 454 -0.5
85 458 -0.5
85 471 -0.5
85 505 -0.5
85 630 -0.75
85 744 -0.5
85 804 -0.5
85 815 -0.5
85 847 -0.5
85 848 -0.5
85 871 -0.5
85 874 -0.5
85 883 -0.5
85 905 -0.5
85 908 -0.5
85 1059 -0.75
85 1189 -0.5
85 1198 -0.5
85 1245 -0.5
85 1293 -0.5
85 1302 -0.5
85 1654 -0.5
85 1720 -0.5
85 1820 -0.5
85 1924 -0.5
85 1929 -0.5
85 1974 -0.5
85 2071 -0.5
85 2075 -0.5
86 983 0.5
86 2165 0.75
86 2913 -0.6666666666666666
86 163 -0.5
86 165 -0.5
86 295 -0.6666666666666666
86 445 -0.75
86 1451 -0.5
86 1456 -0.75
86 1778 -0.5
86 2844 -0.5
86 2995 -0.5
86 3036 -0.5
87 167 -0.5
87 859 -0.5
87 908 -0.5
87 1020 -0.5
87 1083 -0.5
87 1765 -0.5
87 2201 -0.5
87 2426 -0.5
87 2879 -0.5
87 3688 -0.5
88 172 -0.5
88 298 -0.5
88 942 -0.5
88 1084 -0.5
88 1440 -0.5
88 1817 -0.5
88 2085 -0.5
88 2110 -0.75
88 2561 -0.75
88 3534 -0.75
89 176 -0.5
89 315 -0.5
89 469 -0.5
89 496 -0.5
89 533 -0.5
89 602 -0.5
89 664 -0.5
89 712 -0.5
89 853 -0.6666666666666666
89 858 -0.5
90 2915 -0.6666666666666666
90 190 -0.5
90 239 -0.5
90 607 -0.75
90 966 -0.5
90 1113 -0.5
90 1152 -0.5
90 1196 -0.5
90 1276 -0.5
90 1511 -0.5
90 1515 -0.5
90 1566 -0.5
90 1698 -0.5
90 2288 -0.75
90 2851 -0.5
90 2925 -0.6666666666666666
90 2929 -0.5
91 1301 0.5
91 1409 0.5
91 1520 0.5
91 1688 0.75
91 3726 0.875
91 191 -0.5
91 208 -0.5
91 221 -0.5
91 331 -0.5
91 397 -0.5
91 399 -0.5
91 400 -0.5
91 408 -0.5
91 492 -0.5
91 504 -0.5
91 611 -0.5
91 678 -0.5
91 866 -0.5
91 988 -0.5
91 1002 -0.5
91 1067 -0.75
91 1139 -0.5
91 1271 -0.5
91 1489 -0.5
91 1502 -0.5
91 1810 -0.5
91 1839 -0.5
91 1872 -0.5
91 2016 -0.5
91 2262 -0.5
91 2287 -0.5
91 2623 -0.5
91 2635 -0.5
91 2987 -0.5
92 1190 0.75
92 200 -0.5
92 284 -0.5
92 321 -0.5
92 370 -0.75
92 514 -0.75
92 533 -0.5
92 596 -0.5
92 758 -0.5
92 770 -0.75
92 785 -0.5
92 787 -0.5
92 806 -0.5
92 819 -0.5
92 977 -0.5
92 980 -0.5
92 1048 -0.5
92 1199 -0.5
92 1221 -0.5
92 1358 -0.5
92 1374 -0.5
92 2011 -0.5
92 2028 -0.5
92 3450 -0.5
93 200 -0.5
93 331 -0.5
93 473 -0.5
93 611 -0.5
93 620 -0.75
93 636 -0.75
93 821 -0.5
93 857 -0.5
93 937 -0.5
93 1184 -0.5
93 1327 -0.5
93 1485 -0.5
93 1486 -0.5
93 2587 -0.5
93 2591 -0.5
93 3261 -0.5
94 522 -0.75
94 210 -0.5
94 338 -0.5
94 482 -0.5
94 484 -0.5
94 520 -0.5
94 885 -0.5
94 988 -0.5
94 1189 -0.5
94 2316 -0.5
94 2617 -0.5
95 212 0.5
95 523 0.875
95 1129 0.75
95 1288 0.75
95 1473 0.5
95 426 -0.5
95 482 -0.5
95 1334 -0.5
95 1724 -0.5
95 2333 -0.5
95 2648 -0.5
95 2793 -0.5
95 3346 -0.75
96 682 0.75
96 1088 0.75
96 214 -0.5
96 420 -0.5
96 440 -0.5
96 898 -0.5
96 1002 -0.5
96 1043 -0.75
96 1246 -0.5
96 1331 -0.75
96 1334 -0.5
96 1885 -0.5
96 2250 -0.5
96 2348 -0.5
96 2394 -0.5
96 2676 -0.5
96 2700 -0.5
96 3031 -0.5
96 3063 -0.5
96 3713 -0.5
97 217 -0.5
97 227 -0.5
97 993 -0.75
97 1292 -0.5
97 1873 -0.75
97 2051 -0.5
97 2161 -0.5
97 2299 -0.5
97 2360 -0.5
97 2372 -0.5
97 2379 -0.5
97 2470 -0.5
97 2501 -0.5
97 2794 -0.5
97 3122 -0.5
97 3155 -0.5
97 3190 -0.5
97 3415 -0.5
98 1437 0.875
98 218 -0.5
98 658 -0.5
98 738 -0.6666666666666666
98 856 -0.5
98 994 -0.5
98 1137 -0.5
98 1586 -0.5
98 2745 -0.5
98 2775 -0.5
99 264 -0.75
99 220 -0.5
99 263 -0.75
99 317 -0.5
99 991 -0.5
99 1048 -0.5
99 1253 -0.75
99 1314 -0.5
99 1338 -0.5
99 1347 -0.75
99 1460 -0.5
99 1464 -0.5
99 1658 -0.5
99 1686 -0.5
99 1806 -0.5
99 1907 -0.5
99 1983 -0.5
99 2135 -0.5
99 2431 -0.5
99 2434 -0.5
99 2596 -0.5
99 2801 -0.5
99 3574 -0.5
99 3586 -0.5
100 3507 0.875
100 3714 -0.6666666666666666
100 230 -0.5
100 2864 -0.5
100 2875 -0.5
100 2923 -0.5
100 3060 -0.5
100 3228 -0.5
100 3319 -0.5
100 3320 -0.5
100 3340 -0.5
100 3351 -0.5
100 3357 -0.5
100 3431 -0.5
100 3548 -0.5
100 3554 -0.5
100 3556 -0.5
100 3708 -0.5
101 230 -0.5
101 597 -0.5
101 639 -0.5
101 785 -0.5
101 992 -0.5
101 1303 -0.75
101 1404 -0.5
101 1632 -0.5
101 1664 -0.5
102 232 -0.5
102 303 -0.5
102 859 -0.5
102 872 -0.5
102 935 -0.75
102 2250 -0.5
102 2256 -0.75
102 2822 -0.5
102 2972 -0.75
102 3309 -0.5
102 3456 -0.5
102 3510 -0.5
102 3577 -0.5
102 3639 -0.5
103 1891 -0.6666666666666666
103 232 -0.5
103 237 -0.5
103 264 -0.75
103 692 -0.5
103 911 -0.5
103 915 -0.5
103 1021 -0.5
103 1023 -0.75
103 1070 -0.75
103 1289 -0.5
103 1534 -0.5
103 1664 -0.5
103 1687 -0.5
103 2254 -0.5
103 2504 -0.5
103 2596 -0.5
104 2345 -0.6666666666666666
104 2495 0.5
104 234 -0.5
104 267 -0.5
104 308 -0.5
104 387 -0.5
104 476 -0.5
104 502 -0.5
104 599 -0.5
104 810 -0.5
104 951 -0.5
104 984 -0.5
104 1483 -0.75
104 1552 -0.5
104 1740 -0.5
104 1791 -0.75
104 2021 -0.5
104 2240 -0.5
104 2472 -0.5
104 2524 -0.5
104 2563 -0.5
104 2613 -0.5
104 2703 -0.6666666666666666
104 3098 -0.75
104 3547 -0.5
105 241 -0.75
105 857 -0.5
105 1193 -0.5
105 1234 -0.5
105 1237 -0.5
105 1369 -0.5
105 1568 -0.5
105 1650 -0.75
105 1680 -0.5
105 1777 -0.5
105 1779 -0.5
105 1808 -0.5
105 1909 -0.5
105 2092 -0.5
105 2109 -0.6666666666666666
105 2150 -0.5
105 2194 -0.5
105 2484 -0.5
105 2510 -0.5
105 3072 -0.75
105 3208 -0.5
106 246 -0.75
106 280 -0.5
106 327 -0.5
106 463 -0.5
106 650 -0.5
106 661 -0.6666666666666666
106 745 -0.5
106 870 -0.5
106 896 -0.5
106 897 -0.75
106 898 -0.5
106 899 -0.5
106 934 -0.5
106 1039 -0.6666666666666666
106 1135 -0.5
106 1138 -0.5
106 1304 -0.5
106 1344 -0.5
106 1370 -0.5
106 1383 -0.5
106 1557 -0.5
106 1699 -0.75
106 1796 -0.75
106 1823 -0.5
106 1843 -0.5
106 1972 -0.75
106 2412 -0.75
107 1435 0.5
107 1605 0.75
107 1606 0.75
107 1650 0.75
107 1791 0.75
107 2208 0.875
107 2226 0.75
107 2473 0.75
107 249 -0.5
107 1533 -0.75
107 1841 -0.5
107 2130 -0.5
107 2318 -0.5
107 3490 -0.5
108 441 0.875
108 254 -0.6666666666666666
108 563 -0.75
108 793 -0.5
108 972 -0.5
108 1055 -0.5
108 2098 -0.5
108 2266 -0.75
108 2478 -0.5
108 3465 -0.5
109 262 -0.5
109 270 -0.5
109 279 -0.75
109 284 -0.5
109 287 -0.5
109 297 -0.5
109 305 -0.5
109 313 -0.5
109 342 -0.75
109 344 -0.75
109 361 -0.5
109 378 -0.5
109 382 -0.5
109 394 -0.5
109 407 -0.75
110 544 -0.6666666666666666
110 2494 0.5
110 267 -0.5
110 516 -0.75
110 635 -0.5
110 1441 -0.5
110 1462 -0.5
110 1781 -0.5
110 2179 -0.75
110 2185 -0.5
110 2646 -0.75
110 2975 -0.5
110 3372 -0.75
111 891 0.75
111 269 -0.6666666666666666
111 812 -0.5
111 818 -0.5
111 882 -0.5
111 1039 -0.6666666666666666
111 1047 -0.6666666666666666
111 1082 -0.6666666666666666
111 1084 -0.5
111 1093 -0.75
111 1109 -0.5
111 1160 -0.5
111 1161 -0.75
111 1162 -0.5
112 310 -0.5
112 1094 -0.5
112 1382 -0.5
112 1387 -0.5
112 1626 -0.6666666666666666
112 1692 -0.5
112 1756 -0.5
112 1872 -0.5
112 1894 -0.6666666666666666
113 312 -0.5
113 1740 -0.5
113 1824 -0.5
113 1926 -0.5
113 1940 -0.75
113 2038 -0.5
113 2080 -0.5
113 2083 -0.75
113 2153 -0.5
113 2191 -0.5
113 2373 -0.6666666666666666
113 2435 -0.5
114 318 -0.75
114 391 -0.5
114 755 -0.5
114 833 -0.5
114 949 -0.5
114 1059 -0.75
114 1066 -0.5
114 1297 -0.5
114 1431 -0.5
114 1622 -0.5
114 1719 -0.75
114 2066 -0.5
115 3459 0.875
115 348 -0.5
115 742 -0.75
115 1000 -0.5
115 1145 -0.5
115 1382 -0.5
115 1529 -0.5
115 1534 -0.5
115 1560 -0.75
115 1566 -0.5
115 1666 -0.75
115 1781 -0.5
115 1816 -0.5
115 1850 -0.5
115 1869 -0.5
115 1870 -0.5
115 1907 -0.5
115 1922 -0.5
115 1941 -0.5
115 2047 -0.5
115 2188 -0.5
115 2279 -0.5
115 2425 -0.5
115 2433 -0.5
115 2443 -0.5
115 2504 -0.5
115 2796 -0.5
115 2837 -0.5
115 2912 -0.5
115 2933 -0.5
115 2947 -0.5
115 3020 -0.5
115 3073 -0.5
115 3088 -0.6666666666666666
115 3089 -0.5
115 3124 -0.5
115 3127 -0.6666666666666666
115 3144 -0.5
115 3155 -0.5
115 3243 -0.5
115 3265 -0.75
115 3271 -0.75
115 3395 -0.75
115 3430 -0.5
115 3478 -0.5
115 3481 -0.5
115 3486 -0.5
115 3510 -0.5
115 3519 -0.5
115 3527 -0.5
115 3593 -0.5
115 3608 -0.75
115 3639 -0.5
115 3688 -0.5
116 351 -0.5
116 507 -0.5
116 616 -0.75
116 713 -0.6666666666666666
117 698 0.5
117 364 -0.5
117 656 -0.6666666666666666
117 1043 -0.75
117 2175 -0.6666666666666666
117 2568 -0.75
118 366 0.5
118 374 -0.5
118 470 -0.5
118 785 -0.5
118 838 -0.5
118 930 -0.5
118 966 -0.5
118 971 -0.75
118 1060 -0.5
119 369 -0.5
119 740 -0.5
119 1545 -0.5
119 2388 -0.5
119 2506 -0.5
119 2807 -0.5
119 2932 -0.5
119 2961 -0.75
119 2970 -0.5
119 3523 -0.5
120 371 -0.5
120 374 -0.5
120 379 -0.5
120 381 -0.5
120 383 -0.5
120 384 -0.5
120 389 -0.5
120 392 -0.75
120 393 -0.5
120 394 -0.5
120 398 -0.5
120 404 -0.5
121 1279 0.75
121 1547 0.75
121 1576 -0.6666666666666666
121 1982 0.75
121 3239 -0.75
121 377 -0.75
121 486 -0.5
121 490 -0.6666666666666666
121 564 -0.5
121 584 -0.5
121 633 -0.5
121 635 -0.5
121 636 -0.75
121 642 -0.5
121 732 -0.5
121 784 -0.75
121 804 -0.5
121 832 -0.5
121 917 -0.5
121 985 -0.5
121 1123 -0.75
121 1143 -0.5
121 1222 -0.75
121 1248 -0.5
121 1261 -0.5
121 1263 -0.5
121 1484 -0.5
121 1546 -0.5
121 1618 -0.5
121 1623 -0.5
121 1638 -0.5
121 1639 -0.5
121 1677 -0.5
121 1700 -0.5
121 1871 -0.75
121 1876 -0.5
121 1879 -0.5
121 1911 -0.75
121 2008 -0.5
121 2039 -0.75
121 2072 -0.5
121 2133 -0.5
121 2273 -0.5
121 2401 -0.5
121 2439 -0.5
121 2789 -0.5
121 2807 -0.5
121 2856 -0.5
121 2857 -0.5
121 2873 -0.5
121 3036 -0.5
121 3207 -0.5
121 3394 -0.5
121 3499 -0.75
121 3597 -0.5
121 3627 -0.5
121 3652 -0.5
121 3676 -0.5
121 3698 -0.75
122 831 0.75
122 2825 0.75
122 395 -0.5
122 740 -0.5
122 1014 -0.5
122 1155 -0.6666666666666666
122 1306 -0.5
122 1395 -0.5
122 1414 -0.5
122 1738 -0.5
122 1791 -0.75
122 1942 -0.75
122 2016 -0.5
122 2095 -0.5
122 2169 -0.5
122 2410 -0.75
122 2450 -0.75
122 2709 -0.5
122 2833 -0.6666666666666666
122 2880 -0.5
122 3133 -0.5
122 3165 -0.5
122 3215 -0.5
122 3255 -0.5
122 3260 -0.5
122 3497 -0.5
122 3562 -0.5
122 3660 -0.75
123 407 -0.75
123 560 -0.5
123 639 -0.5
123 1115 -0.5
123 1542 -0.5
123 1555 -0.75
123 1935 -0.5
123 2113 -0.5
123 2157 -0.6666666666666666
123 2594 -0.5
123 2628 -0.5
124 420 -0.5
124 624 -0.5
124 639 -0.5
124 998 -0.5
124 1688 -0.75
124 2091 -0.5
124 2142 -0.5
124 2416 -0.5
124 2449 -0.5
124 2745 -0.5
124 3047 -0.5
125 425 -0.5
125 505 -0.5
125 598 -0.5
125 607 -0.75
125 915 -0.5
125 1156 -0.5
125 1213 -0.5
125 1221 -0.5
125 1248 -0.5
125 1338 -0.5
125 1449 -0.75
125 1457 -0.5
125 1483 -0.75
125 1540 -0.6666666666666666
125 1681 -0.5
125 1751 -0.5
125 1936 -0.75
125 2086 -0.5
125 2157 -0.6666666666666666
125 2165 -0.75
125 2271 -0.5
125 2604 -0.5
125 2638 -0.5
125 2673 -0.5
125 2720 -0.5
125 2756 -0.5
125 2821 -0.5
125 3230 -0.5
125 3403 -0.75
125 3564 -0.5
126 445 0.75
126 456 0.75
126 467 0.875
126 486 0.5
126 498 0.875
126 1372 0.5
126 435 -0.5
126 499 -0.5
126 520 -0.5
126 552 -0.5
126 559 -0.5
126 1010 -0.5
126 1766 -0.5
127 438 -0.5
127 439 -0.5
127 482 -0.5
127 632 -0.75
127 710 -0.5
127 867 -0.5
127 1019 -0.5
127 1026 -0.5
127 1052 -0.5
127 1076 -0.75
127 1494 -0.5
127 1584 -0.5
127 1846 -0.5
127 2227 -0.75
128 476 -0.5
128 488 -0.5
128 497 -0.5
128 552 -0.5
128 764 -0.75
128 1055 -0.5
128 1155 -0.6666666666666666
128 1177 -0.6666666666666666
128 1646 -0.5
128 2264 -0.75
129 477 -0.5
129 484 -0.5
129 502 -0.5
129 519 -0.5
129 631 -0.5
129 958 -0.5
129 1387 -0.5
129 1836 -0.5
129 2931 -0.5
129 2971 -0.5
130 512 -0.6666666666666666
130 483 -0.75
130 537 -0.5
130 539 -0.5
130 601 -0.5
130 617 -0.5
130 644 -0.5
130 687 -0.5
130 720 -0.5
130 730 -0.5
130 741 -0.5
130 774 -0.75
130 779 -0.5
130 806 -0.5
130 830 -0.5
130 835 -0.5
130 843 -0.75
130 847 -0.5
131 2465 0.5
131 488 -0.5
131 518 -0.75
131 549 -0.5
131 1370 -0.5
131 1423 -0.5
131 1894 -0.6666666666666666
131 2157 -0.6666666666666666
131 2170 -0.5
131 2386 -0.5
131 2413 -0.5
131 2459 -0.75
132 521 -0.5
132 579 -0.5
132 1252 -0.5
132 1349 -0.5
132 1410 -0.5
132 1628 -0.5
132 1758 -0.5
132 1990 -0.5
132 2122 -0.5
132 2170 -0.5
132 2257 -0.5
132 2546 -0.75
132 2609 -0.5
132 2655 -0.5
133 547 -0.75
133 595 -0.5
133 597 -0.5
133 660 -0.75
133 719 -0.5
133 795 -0.75
133 852 -0.5
133 988 -0.5
133 999 -0.5
133 1125 -0.5
133 1199 -0.5
133 1743 -0.5
133 1983 -0.5
133 2219 -0.5
133 2313 -0.5
133 2330 -0.5
133 2368 -0.5
133 2492 -0.5
133 2587 -0.5
133 2669 -0.5
133 2711 -0.5
133 2919 -0.5
133 2984 -0.5
133 3030 -0.6666666666666666
133 3247 -0.5
134 1186 0.75
134 573 -0.5
134 1553 -0.5
134 1630 -0.5
134 1842 -0.5
134 1943 -0.75
134 2118 -0.5
134 2183 -0.5
134 2793 -0.5
134 2895 -0.5
134 3057 -0.75
134 3137 -0.5
134 3138 -0.5
134 3143 -0.5
134 3190 -0.5
134 3267 -0.5
134 3449 -0.5
134 3585 -0.5
135 3081 0.75
135 585 -0.5
135 626 -0.5
135 755 -0.5
135 1067 -0.75
135 1079 -0.5
135 1228 -0.5
135 1254 -0.5
135 3049 -0.5
135 3160 -0.5
136 588 -0.5
136 590 -0.5
136 642 -0.5
136 835 -0.5
136 1030 -0.5
136 1865 -0.5
136 2054 -0.5
136 2058 -0.5
136 2711 -0.5
137 600 -0.6666666666666666
137 1482 0.5
137 1555 0.75
137 1569 0.75
137 594 -0.5
137 595 -0.5
137 640 -0.5
137 1366 -0.5
137 1541 -0.5
137 1543 -0.5
138 613 -0.6666666666666666
138 2122 0.5
138 2294 0.5
138 2563 0.5
138 781 -0.5
138 824 -0.5
138 1236 -0.5
138 2259 -0.5
138 2281 -0.5
138 2467 -0.5
138 2807 -0.5
138 2894 -0.5
138 2981 -0.5
138 2989 -0.5
138 3025 -0.5
138 3167 -0.5
138 3186 -0.5
138 3247 -0.5
138 3312 -0.5
138 3448 -0.5
138 3605 -0.5
138 3634 -0.75
138 3708 -0.5
139 721 0.75
139 1046 0.875
139 626 -0.5
139 793 -0.5
139 803 -0.5
139 1096 -0.5
139 1172 -0.5
139 1203 -0.5
139 1329 -0.5
140 657 -0.5
140 663 -0.5
140 838 -0.5
140 867 -0.5
140 1496 -0.5
140 1551 -0.75
140 1755 -0.5
140 2039 -0.75
140 2229 -0.5
140 2273 -0.5
141 676 -0.75
141 771 -0.5
141 788 -0.75
141 803 -0.5
141 805 -0.5
141 968 -0.5
141 1042 -0.5
141 1229 -0.5
141 1231 -0.5
141 1397 -0.5
142 687 -0.5
142 893 -0.5
142 927 -0.5
142 1060 -0.5
142 1529 -0.5
142 1605 -0.75
142 1608 -0.5
142 1615 -0.5
142 1623 -0.5
142 1728 -0.5
142 1733 -0.5
143 690 -0.6666666666666666
143 1155 0.875
143 802 -0.5
143 994 -0.5
143 995 -0.5
143 1054 -0.75
143 1089 -0.5
143 1134 -0.5
143 1244 -0.5
143 1300 -0.5
143 1356 -0.5
143 1374 -0.5
143 1427 -0.5
143 1429 -0.5
143 1440 -0.5
143 1497 -0.5
143 1790 -0.75
143 1988 -0.5
143 1990 -0.5
143 1991 -0.5
143 2118 -0.5
143 2168 -0.6666666666666666
143 2433 -0.5
143 2584 -0.5
143 2777 -0.5
143 2860 -0.75
143 2901 -0.5
143 2912 -0.5
143 2921 -0.5
143 2955 -0.5
143 3021 -0.5
143 3040 -0.6666666666666666
143 3235 -0.5
143 3270 -0.5
143 3523 -0.5
143 3540 -0.5
143 3553 -0.5
143 3629 -0.5
143 3662 -0.5
144 1418 0.75
144 707 -0.5
144 760 -0.5
144 763 -0.5
144 773 -0.5
144 850 -0.5
144 867 -0.5
144 868 -0.5
144 889 -0.5
144 899 -0.5
144 907 -0.5
144 1042 -0.5
144 1391 -0.5
144 1409 -0.5
144 1461 -0.5
144 1484 -0.5
144 1844 -0.5
144 1923 -0.5
144 2015 -0.5
144 2019 -0.5
144 2178 -0.5
144 2342 -0.5
144 2366 -0.75
145 2658 -0.6666666666666666
145 709 -0.75
145 1862 -0.5
145 1872 -0.5
145 1956 -0.5
145 2078 -0.5
145 2093 -0.5
145 2098 -0.5
145 2151 -0.5
145 2569 -0.5
145 2607 -0.5
145 2668 -0.5
145 2682 -0.5
145 2818 -0.5
145 2836 -0.5
145 2872 -0.75
145 2893 -0.5
145 2938 -0.5
145 2957 -0.5
145 2973 -0.5
145 3002 -0.5
145 3187 -0.5
145 3216 -0.5
145 3231 -0.5
145 3376 -0.5
145 3394 -0.5
145 3407 -0.5
145 3410 -0.5
145 3454 -0.75
145 3465 -0.5
145 3533 -0.5
145 3549 -0.5
145 3551 -0.5
145 3553 -0.5
145 3561 -0.6666666666666666
145 3567 -0.5
145 3630 -0.5
145 3632 -0.5
145 3686 -0.5
145 3699 -0.75
146 710 -0.5
146 878 -0.5
146 979 -0.5
146 1033 -0.5
146 1096 -0.5
146 1137 -0.5
146 1217 -0.5
146 1424 -0.6666666666666666
146 1571 -0.5
146 1649 -0.5
146 1694 -0.5
146 1714 -0.5
146 1772 -0.6666666666666666
146 1850 -0.5
146 2030 -0.5
146 2155 -0.5
147 717 -0.6666666666666666
147 2543 0.875
147 727 -0.6666666666666666
147 884 -0.5
147 939 -0.5
147 1016 -0.5
147 1111 -0.5
147 1276 -0.5
147 1318 -0.75
147 1440 -0.5
147 1464 -0.5
147 1481 -0.5
147 1517 -0.5
147 1550 -0.5
147 1592 -0.5
147 1600 -0.5
147 1739 -0.6666666666666666
147 1804 -0.75
147 1817 -0.5
147 1862 -0.5
147 1916 -0.5
147 2076 -0.5
147 2107 -0.75
147 2126 -0.5
147 2127 -0.75
147 2190 -0.5
147 2313 -0.5
147 2395 -0.5
147 2401 -0.5
147 2501 -0.5
147 2545 -0.5
147 2588 -0.5
147 2656 -0.5
147 3257 -0.5
147 3299 -0.5
147 3329 -0.5
147 3330 -0.75
147 3374 -0.5
147 3589 -0.5
147 3644 -0.5
148 720 -0.5
148 928 -0.5
148 1092 -0.5
148 1244 -0.5
148 1319 -0.5
148 1320 -0.75
148 1369 -0.5
148 1387 -0.5
148 1390 -0.5
148 1394 -0.5
148 1415 -0.5
148 1422 -0.5
148 1426 -0.75
148 1478 -0.5
148 1533 -0.75
148 1550 -0.5
148 1599 -0.5
148 1600 -0.5
148 1619 -0.75
148 1625 -0.5
148 1639 -0.5
148 1644 -0.5
148 1665 -0.5
148 1750 -0.75
148 1794 -0.5
148 1798 -0.5
148 1816 -0.5
148 1847 -0.5
148 2004 -0.5
148 2048 -0.5
148 2076 -0.5
148 2089 -0.75
148 2121 -0.6666666666666666
148 2132 -0.75
148 2176 -0.5
148 2245 -0.5
148 2248 -0.5
148 2252 -0.75
148 2257 -0.5
148 2274 -0.6666666666666666
148 2278 -0.5
148 2302 -0.5
148 2460 -0.75
148 2498 -0.5
148 2534 -0.5
148 2609 -0.5
148 2714 -0.6666666666666666
148 2731 -0.75
148 2780 -0.5
148 2805 -0.5
148 2821 -0.5
148 2858 -0.5
148 3181 -0.5
148 3196 -0.5
148 3218 -0.5
148 3258 -0.5
148 3260 -0.5
148 3316 -0.5
148 3370 -0.5
148 3374 -0.5
148 3376 -0.5
148 3535 -0.75
148 3632 -0.5
148 3686 -0.5
149 2110 0.75
149 729 -0.5
149 744 -0.5
149 805 -0.5
149 825 -0.5
149 832 -0.5
149 864 -0.5
149 875 -0.5
149 917 -0.5
149 931 -0.5
149 945 -0.5
149 1017 -0.5
149 1043 -0.75
149 1052 -0.5
149 1091 -0.75
149 1094 -0.5
149 1355 -0.75
149 1412 -0.5
149 1461 -0.5
149 1858 -0.5
149 1862 -0.5
149 2016 -0.5
149 2061 -0.5
149 2064 -0.5
149 2070 -0.75
149 2075 -0.5
149 2162 -0.5
149 2253 -0.5
149 2357 -0.5
149 2429 -0.5
150 736 -0.5
150 760 -0.5
150 780 -0.5
150 809 -0.5
150 810 -0.5
150 948 -0.5
150 1246 -0.5
150 1279 -0.75
150 1558 -0.5
150 1673 -0.5
150 1710 -0.5
150 1783 -0.5
150 1798 -0.5
150 1800 -0.5
150 2036 -0.75
150 2114 -0.5
150 2122 -0.5
150 2319 -0.75
150 2532 -0.5
150 2691 -0.5
150 2737 -0.5
150 2757 -0.5
150 2789 -0.5
150 2791 -0.75
150 3002 -0.5
151 2841 0.875
151 736 -0.5
151 756 -0.5
151 787 -0.5
151 864 -0.5
151 1159 -0.5
151 1200 -0.5
151 1286 -0.5
151 1410 -0.5
151 1643 -0.5
151 1836 -0.5
151 1867 -0.5
151 2465 -0.5
151 2507 -0.5
151 2535 -0.5
151 3113 -0.5
152 1821 0.875
152 2020 -0.6666666666666666
152 3193 0.875
152 746 -0.5
152 795 -0.75
152 811 -0.5
152 1013 -0.5
152 1087 -0.75
152 1116 -0.5
152 1252 -0.5
152 1395 -0.5
152 1444 -0.5
152 1467 -0.5
152 1507 -0.5
152 1522 -0.5
152 1595 -0.5
152 1868 -0.5
152 1869 -0.5
152 1886 -0.5
152 1899 -0.5
152 1907 -0.5
152 1914 -0.5
152 2002 -0.75
152 2003 -0.5
152 2022 -0.5
152 2061 -0.5
152 2062 -0.5
152 2064 -0.5
152 2088 -0.5
152 2103 -0.5
152 2408 -0.5
152 2416 -0.5
152 2456 -0.5
152 2552 -0.5
152 2592 -0.5
152 2596 -0.5
152 2607 -0.5
152 2614 -0.5
152 2627 -0.75
152 2653 -0.5
152 2657 -0.5
152 2792 -0.5
152 2875 -0.5
152 2904 -0.75
152 2910 -0.5
152 3239 -0.75
152 3300 -0.5
152 3389 -0.5
152 3415 -0.5
152 3507 -0.6666666666666666
152 3510 -0.5
152 3519 -0.5
152 3548 -0.5
152 3724 -0.75
153 965 0.75
153 3535 0.75
153 758 -0.5
153 831 -0.75
153 838 -0.5
153 953 -0.5
153 959 -0.5
153 961 -0.5
153 963 -0.5
153 984 -0.5
153 1156 -0.5
153 1572 -0.75
153 2130 -0.5
153 2718 -0.75
153 2850 -0.5
153 2918 -0.5
153 3000 -0.5
153 3074 -0.5
153 3110 -0.5
153 3132 -0.5
153 3422 -0.5
153 3470 -0.5
153 3497 -0.5
154 810 -0.5
154 1106 -0.5
154 1107 -0.5
154 1216 -0.5
154 2380 -0.5
154 2847 -0.5
154 3100 -0.5
154 3578 -0.5
154 3581 -0.5
155 812 -0.5
155 847 -0.5
155 903 -0.5
155 1030 -0.5
155 1044 -0.5
155 1131 -0.5
155 1244 -0.5
155 1297 -0.5
155 1312 -0.75
155 1333 -0.75
155 1380 -0.75
155 1403 -0.5
155 1428 -0.5
155 1431 -0.5
155 1472 -0.5
155 1479 -0.5
155 1489 -0.5
155 1516 -0.5
155 1531 -0.5
155 1581 -0.5
155 1590 -0.5
155 1610 -0.5
155 1635 -0.5
155 1652 -0.5
155 1697 -0.5
155 1721 -0.75
155 1770 -0.5
155 1811 -0.5
155 2010 -0.5
155 2178 -0.5
155 2213 -0.5
155 2366 -0.75
155 2406 -0.5
155 2548 -0.5
155 2666 -0.5
155 2795 -0.5
155 2843 -0.5
155 2919 -0.5
155 2949 -0.5
155 3329 -0.5
155 3342 -0.5
155 3391 -0.5
155 3393 -0.5
155 3396 -0.75
155 3443 -0.5
155 3486 -0.5
155 3521 -0.5
155 3532 -0.5
155 3537 -0.5
156 819 -0.5
156 835 -0.5
156 851 -0.75
156 868 -0.5
156 874 -0.5
156 1150 -0.6666666666666666
156 1152 -0.5
156 1258 -0.5
156 1436 -0.5
156 1440 -0.5
156 1540 -0.6666666666666666
156 1795 -0.5
156 1877 -0.5
156 3523 -0.5
157 820 -0.5
157 822 -0.5
157 825 -0.5
157 910 -0.75
157 931 -0.5
157 974 -0.5
157 1280 -0.5
157 1600 -0.5
157 2760 -0.5
157 2861 -0.5
157 2888 -0.75
157 3105 -0.6666666666666666
157 3375 -0.5
157 3440 -0.5
157 3449 -0.5
157 3462 -0.5
157 3508 -0.5
157 3580 -0.5
157 3583 -0.5
157 3619 -0.6666666666666666
158 3099 0.875
158 3288 -0.6666666666666666
158 3411 -0.6666666666666666
158 849 -0.5
158 1078 -0.6666666666666666
158 1317 -0.5
158 1335 -0.5
158 1469 -0.5
158 1788 -0.5
158 2036 -0.75
158 3261 -0.5
158 3281 -0.5
158 3329 -0.5
158 3460 -0.5
158 3484 -0.5
159 857 -0.5
159 866 -0.5
159 1142 -0.5
159 1240 -0.5
159 1510 -0.5
159 1663 -0.5
159 1706 -0.5
159 1736 -0.5
159 2072 -0.5
159 2207 -0.5
159 2614 -0.5
159 2831 -0.5
159 2958 -0.5
159 3063 -0.5
159 3277 -0.5
159 3302 -0.5
160 915 -0.5
160 2923 -0.5
160 2931 -0.5
160 2974 -0.5
160 3009 -0.5
160 3027 -0.5
160 3033 -0.5
160 3036 -0.5
160 3039 -0.5
160 3106 -0.75
160 3630 -0.5
160 3632 -0.5
161 932 -0.5
161 1153 -0.5
161 1274 -0.5
161 1344 -0.5
161 1481 -0.5
161 1511 -0.5
161 1582 -0.5
161 1584 -0.5
161 1972 -0.75
161 1976 -0.5
161 2009 -0.5
161 2163 -0.5
161 2707 -0.5
161 2768 -0.5
161 2946 -0.5
161 2989 -0.5
161 3019 -0.5
161 3139 -0.5
161 3159 -0.5
161 3162 -0.5
161 3477 -0.5
162 1011 0.75
162 1087 0.75
162 938 -0.5
162 944 -0.5
162 983 -0.5
162 1153 -0.5
162 1166 -0.5
162 1194 -0.75
162 1265 -0.5
162 1288 -0.75
163 2931 0.5
163 958 -0.5
163 1231 -0.5
163 1299 -0.75
163 1338 -0.5
163 1360 -0.5
163 1410 -0.5
163 1458 -0.5
163 1461 -0.5
163 1532 -0.5
163 1552 -0.5
163 1563 -0.5
163 1573 -0.5
163 1601 -0.5
163 1612 -0.5
163 1633 -0.5
163 1874 -0.5
163 2974 -0.5
163 3306 -0.5
164 968 -0.5
164 1066 -0.5
164 1181 -0.5
164 1369 -0.5
164 1389 -0.75
164 1461 -0.5
164 1488 -0.5
164 1507 -0.5
165 975 -0.5
165 987 -0.5
165 1021 -0.5
165 1038 -0.5
165 1042 -0.5
165 1047 -0.6666666666666666
165 1071 -0.75
165 1080 -0.5
165 1084 -0.5
165 1092 -0.5
165 1111 -0.5
165 1113 -0.5
165 1144 -0.5
165 1169 -0.5
165 1220 -0.5
165 1260 -0.75
165 1270 -0.5
165 1314 -0.5
165 1334 -0.5
165 1337 -0.5
165 1341 -0.5
165 1356 -0.5
165 1361 -0.75
165 1405 -0.5
165 1429 -0.5
165 1441 -0.5
165 1442 -0.5
165 1509 -0.5
165 1587 -0.5
165 1593 -0.5
165 1595 -0.5
165 1599 -0.5
165 1602 -0.5
165 1617 -0.75
165 1637 -0.75
165 1639 -0.5
165 1686 -0.5
165 1765 -0.5
165 1825 -0.5
165 1870 -0.5
165 1899 -0.5
165 1900 -0.5
165 1948 -0.75
165 1979 -0.5
165 1992 -0.5
165 2016 -0.5
165 2041 -0.5
165 2063 -0.75
165 2070 -0.75
165 2112 -0.5
165 2118 -0.5
165 2122 -0.5
165 2145 -0.6666666666666666
165 2166 -0.75
165 2191 -0.5
165 2233 -0.75
165 2255 -0.5
165 2263 -0.6666666666666666
165 2267 -0.5
165 2312 -0.5
165 2336 -0.5
165 2376 -0.5
165 2378 -0.5
165 2402 -0.5
165 2440 -0.5
165 2445 -0.6666666666666666
165 2469 -0.5
165 2492 -0.5
165 2511 -0.6666666666666666
165 2632 -0.5
165 2664 -0.75
165 2675 -0.5
165 2717 -0.5
165 2719 -0.5
165 2931 -0.5
165 2933 -0.5
165 2944 -0.5
165 2953 -0.5
165 2954 -0.5
165 2977 -0.5
166 1056 0.75
166 1314 0.5
166 1421 0.75
166 1452 -0.75
166 1774 -0.6666666666666666
166 2422 0.75
166 2550 0.75
166 2756 0.5
166 997 -0.5
166 1715 -0.5
166 2611 -0.5
166 3132 -0.5
167 2168 -0.6666666666666666
167 999 -0.5
167 1000 -0.5
167 1017 -0.5
167 1046 -0.6666666666666666
167 1068 -0.5
167 1181 -0.5
167 1235 -0.5
167 1291 -0.5
167 1293 -0.5
167 1302 -0.5
167 1305 -0.75
167 1998 -0.5
167 2004 -0.5
167 2217 -0.5
167 2385 -0.5
167 2944 -0.5
167 3323 -0.75
167 3558 -0.5
167 3601 -0.5
168 1020 -0.5
168 1037 -0.5
168 1083 -0.5
168 1641 -0.75
168 1842 -0.5
168 1947 -0.5
168 2526 -0.5
168 2552 -0.5
168 2645 -0.5
168 2701 -0.5
168 3175 -0.5
168 3291 -0.5
168 3444 -0.5
169 1024 -0.5
169 1088 -0.75
169 1089 -0.5
169 1611 -0.5
169 1633 -0.5
169 1826 -0.75
169 2875 -0.5
169 2883 -0.5
169 3267 -0.5
169 3394 -0.5
170 1791 0.75
170 1025 -0.5
170 1075 -0.5
170 1086 -0.6666666666666666
170 1206 -0.5
170 1221 -0.5
170 1241 -0.5
170 1292 -0.5
170 1300 -0.5
170 1366 -0.5
170 1417 -0.5
170 1453 -0.5
170 1524 -0.5
170 1589 -0.5
170 1813 -0.5
170 1842 -0.5
170 1896 -0.5
170 1903 -0.6666666666666666
170 1905 -0.5
170 1908 -0.5
170 1923 -0.5
170 1932 -0.75
170 1981 -0.5
170 1996 -0.5
170 2316 -0.5
170 2355 -0.5
170 2427 -0.75
170 2612 -0.75
170 2884 -0.5
170 3413 -0.5
170 3530 -0.5
171 1048 -0.5
171 1141 -0.6666666666666666
171 1151 -0.5
171 1208 -0.5
171 1272 -0.5
171 1489 -0.5
171 1571 -0.5
171 1698 -0.5
171 1752 -0.5
171 2618 -0.5
171 2801 -0.5
172 2833 0.875
172 1053 -0.5
172 1194 -0.75
172 1251 -0.5
172 1378 -0.5
172 1494 -0.5
172 1623 -0.5
172 1785 -0.5
172 1867 -0.5
172 2079 -0.5
172 2110 -0.75
172 2325 -0.5
172 2367 -0.5
172 2430 -0.5
172 2449 -0.5
172 2596 -0.5
172 2660 -0.5
172 2813 -0.5
172 2826 -0.75
172 2847 -0.5
172 2957 -0.5
172 2973 -0.5
172 3184 -0.75
172 3305 -0.5
173 1063 -0.5
173 1436 -0.5
173 1772 -0.6666666666666666
173 1852 -0.5
173 1863 -0.5
173 2074 -0.6666666666666666
173 2963 -0.75
173 3129 -0.5
173 3427 -0.5
173 3652 -0.5
173 3654 -0.5
174 1068 -0.5
174 1356 -0.5
174 1414 -0.5
174 1427 -0.5
174 1459 -0.5
174 2306 -0.5
174 2310 -0.5
174 2584 -0.5
174 2774 -0.5
174 2780 -0.5
175 1074 -0.6666666666666666
175 1167 -0.5
175 1353 -0.5
175 1507 -0.5
175 1515 -0.5
175 1563 -0.5
175 3484 -0.5
175 3605 -0.5
176 1079 -0.5
176 1270 -0.5
176 1304 -0.5
176 1339 -0.5
176 1398 -0.75
176 1454 -0.5
176 1485 -0.5
176 1582 -0.5
176 1623 -0.5
176 1706 -0.5
176 1733 -0.5
176 1795 -0.5
176 1844 -0.5
176 1893 -0.5
176 1932 -0.75
176 1996 -0.5
176 2023 -0.5
176 2061 -0.5
176 2064 -0.5
176 2071 -0.5
176 2207 -0.5
176 2209 -0.5
176 2214 -0.5
176 2234 -0.5
176 2342 -0.5
176 2399 -0.5
176 2454 -0.5
176 2577 -0.5
176 2596 -0.5
176 2711 -0.5
176 2835 -0.5
176 2844 -0.5
176 2906 -0.5
176 3016 -0.5
176 3032 -0.5
176 3158 -0.5
176 3306 -0.5
176 3379 -0.5
176 3503 -0.5
176 3535 -0.75
176 3649 -0.5
176 3662 -0.5
176 3667 -0.5
176 3713 -0.5
177 1086 -0.6666666666666666
177 1156 -0.5
177 1220 -0.5
177 1936 -0.75
177 2024 -0.5
177 2086 -0.5
177 2216 -0.5
177 2363 -0.5
177 2804 -0.75
177 2998 -0.5
178 2001 -0.75
178 2124 0.875
178 1093 -0.75
178 1158 -0.5
178 1320 -0.75
178 1449 -0.75
178 1453 -0.5
178 1702 -0.5
178 1778 -0.5
178 1783 -0.5
179 2006 0.875
179 2998 0.5
179 3596 0.5
179 1106 -0.5
179 1623 -0.5
179 1733 -0.5
179 1843 -0.5
179 1976 -0.5
179 1997 -0.75
179 2012 -0.5
179 2079 -0.5
179 2382 -0.5
179 2386 -0.5
179 2457 -0.5
179 2492 -0.5
179 2533 -0.5
179 2660 -0.5
179 2833 -0.6666666666666666
179 2843 -0.5
179 2849 -0.5
179 2860 -0.75
179 2908 -0.5
179 2930 -0.5
179 2963 -0.75
179 2979 -0.75
179 2982 -0.75
179 3035 -0.5
179 3092 -0.5
179 3116 -0.5
179 3145 -0.75
179 3163 -0.5
179 3183 -0.75
179 3200 -0.5
179 3229 -0.5
179 3230 -0.5
179 3247 -0.5
179 3280 -0.5
179 3359 -0.5
179 3428 -0.5
179 3544 -0.5
179 3603 -0.5
179 3696 -0.5
180 1117 -0.5
180 1207 -0.5
180 1229 -0.5
180 1258 -0.5
180 1303 -0.75
180 1309 -0.5
180 1387 -0.5
180 1608 -0.5
180 1827 -0.5
180 1930 -0.5
180 2131 -0.75
180 2447 -0.6666666666666666
180 2661 -0.5
181 2829 0.75
181 1127 -0.75
181 1128 -0.5
181 2110 -0.75
181 2842 -0.75
181 3257 -0.5
181 3272 -0.5
181 3491 -0.5
181 3695 -0.5
181 3724 -0.75
182 1967 0.75
182 1153 -0.5
182 1204 -0.5
182 1219 -0.5
182 1220 -0.5
182 1231 -0.5
182 1242 -0.5
182 1752 -0.5
182 1758 -0.5
182 1907 -0.5
182 2101 -0.75
182 2111 -0.5
182 2147 -0.5
182 2213 -0.5
182 2219 -0.5
182 2598 -0.5
182 2769 -0.5
182 2906 -0.5
182 3713 -0.5
183 1177 -0.6666666666666666
183 1167 -0.5
183 1184 -0.5
183 1226 -0.5
183 1251 -0.5
183 1267 -0.75
183 1284 -0.5
183 1287 -0.5
183 1294 -0.5
184 1176 -0.75
184 1188 -0.5
184 1583 -0.5
184 2044 -0.5
184 2073 -0.5
184 2074 -0.6666666666666666
184 2801 -0.5
184 2942 -0.75
184 3149 -0.6666666666666666
184 3252 -0.5
185 1184 -0.5
185 1882 -0.5
185 1985 -0.5
185 2176 -0.5
185 2269 -0.75
185 2374 -0.75
185 2701 -0.5
185 2770 -0.75
185 2801 -0.5
185 3663 -0.5
185 3716 -0.5
186 1577 0.75
186 1185 -0.75
186 1454 -0.5
186 1500 -0.5
186 1584 -0.5
186 1601 -0.5
186 1602 -0.5
186 1623 -0.5
186 1638 -0.5
186 1639 -0.5
186 1697 -0.5
186 1837 -0.5
186 2032 -0.5
186 2283 -0.5
186 2440 -0.5
186 2484 -0.5
186 2485 -0.5
186 2518 -0.5
186 2550 -0.75
186 2728 -0.5
186 2873 -0.5
186 2875 -0.5
186 2940 -0.75
186 2997 -0.75
186 3027 -0.5
186 3053 -0.5
186 3104 -0.5
186 3204 -0.5
186 3207 -0.5
186 3226 -0.5
186 3230 -0.5
186 3278 -0.5
186 3299 -0.5
186 3318 -0.5
186 3380 -0.5
186 3448 -0.5
186 3523 -0.5
186 3562 -0.5
186 3564 -0.5
187 2772 0.5
187 1188 -0.5
187 1219 -0.5
187 1258 -0.5
187 1271 -0.5
187 1481 -0.5
187 2133 -0.5
187 2377 -0.5
187 2996 -0.5
187 3041 -0.75
187 3131 -0.5
187 3273 -0.5
187 3291 -0.5
187 3422 -0.5
187 3436 -0.75
187 3465 -0.5
187 3519 -0.5
187 3597 -0.5
188 1205 -0.75
188 1533 0.75
188 1214 -0.75
188 1247 -0.5
188 1255 -0.75
188 1268 -0.5
188 1435 -0.5
188 1480 -0.75
188 1591 -0.5
189 1212 0.75
189 1233 0.75
189 1251 0.5
189 1308 0.5
189 1312 0.75
189 1327 0.5
189 1338 0.5
189 1366 0.5
189 1382 0.5
189 1401 0.5
189 1440 0.5
189 1442 0.5
190 1840 -0.6666666666666666
190 1217 -0.5
190 1252 -0.5
190 1281 -0.5
190 1488 -0.5
190 1499 -0.5
190 1530 -0.5
190 1564 -0.5
190 1594 -0.5
190 1631 -0.5
190 1672 -0.5
190 1752 -0.5
190 1827 -0.5
190 1829 -0.5
190 1853 -0.5
190 1938 -0.5
190 1971 -0.75
190 2008 -0.5
190 2014 -0.75
190 2068 -0.5
190 2278 -0.5
190 2281 -0.5
190 2295 -0.5
190 2316 -0.5
190 2331 -0.5
190 2403 -0.5
190 2446 -0.5
190 2493 -0.75
190 2525 -0.5
190 2533 -0.5
190 2552 -0.5
190 2577 -0.5
190 2578 -0.5
190 2601 -0.5
190 2661 -0.5
190 2803 -0.5
190 2805 -0.5
190 2808 -0.5
190 2816 -0.6666666666666666
190 2851 -0.5
190 2854 -0.5
190 2858 -0.5
190 2861 -0.5
190 2881 -0.5
190 2884 -0.5
190 2889 -0.5
191 1235 0.5
191 1580 0.5
191 1995 0.75
191 2720 0.5
191 2806 0.5
191 2821 0.5
191 2946 0.5
191 2969 0.5
191 3061 0.5
191 3128 0.5
191 3166 0.5
191 3181 0.5
191 3291 0.5
191 3316 0.5
191 3484 0.5
191 3574 0.5
191 3579 0.5
191 3601 0.5
191 3607 0.5
191 3686 0.5
192 1241 -0.5
192 1252 -0.5
192 1259 -0.5
192 1288 -0.75
192 1356 -0.5
192 1387 -0.5
192 1463 -0.5
192 1605 -0.75
192 1694 -0.5
192 1760 -0.6666666666666666
192 1958 -0.5
192 1973 -0.75
192 2035 -0.5
192 2326 -0.5
192 2368 -0.5
192 2780 -0.5
192 2966 -0.75
192 2994 -0.5
193 1247 -0.5
193 1352 -0.5
193 1694 -0.5
193 1768 -0.5
193 1820 -0.5
193 2147 -0.5
193 2202 -0.75
193 2393 -0.5
193 2394 -0.5
193 2454 -0.5
193 2596 -0.5
193 2617 -0.5
193 2671 -0.5
193 2768 -0.5
193 3001 -0.5
193 3030 -0.6666666666666666
193 3188 -0.75
193 3204 -0.5
193 3212 -0.5
193 3214 -0.5
193 3215 -0.5
193 3269 -0.5
193 3665 -0.75
193 3682 -0.5
193 3722 -0.75
194 1263 -0.5
194 1270 -0.5
194 1334 -0.5
194 2505 -0.5
194 2774 -0.5
194 2787 -0.5
194 2822 -0.5
194 2879 -0.5
194 3133 -0.5
194 3270 -0.5
194 3278 -0.5
195 1290 -0.75
195 1368 -0.5
195 2075 -0.5
195 2183 -0.5
195 2209 -0.5
195 2229 -0.5
195 2376 -0.5
195 2570 -0.75
195 2615 -0.5
195 2659 -0.5
195 2670 -0.6666666666666666
195 2757 -0.5
196 1306 -0.5
196 1441 -0.5
196 1446 -0.5
196 1450 -0.5
196 1473 -0.5
196 1497 -0.5
196 1764 -0.75
196 1806 -0.5
196 2448 -0.5
196 2811 -0.5
196 3000 -0.5
196 3243 -0.5
196 3591 -0.5
197 1323 -0.75
197 1550 -0.5
197 1628 -0.5
197 1765 -0.5
197 2027 -0.5
197 2138 -0.5
197 2277 -0.75
197 2446 -0.5
197 2520 -0.5
197 2778 -0.5
198 1335 -0.5
198 1362 -0.5
198 1383 -0.5
198 1410 -0.5
198 1443 -0.75
198 1525 -0.5
198 1629 -0.6666666666666666
198 1725 -0.5
198 2190 -0.5
198 2391 -0.5
198 2501 -0.5
199 1551 0.75
199 1339 -0.5
199 1365 -0.5
199 1381 -0.5
199 1383 -0.5
199 1406 -0.5
199 1457 -0.5
199 1471 -0.5
199 1594 -0.5
199 1618 -0.5
199 1620 -0.5
199 1684 -0.5
199 1817 -0.5
199 1909 -0.5
200 1341 -0.5
200 1412 -0.5
200 1462 -0.5
200 1516 -0.5
200 1539 -0.5
200 1650 -0.75
200 1786 -0.5
200 1854 -0.75
200 1872 -0.5
200 2284 -0.5
200 2476 -0.5
200 2531 -0.5
200 2534 -0.5
200 2545 -0.5
200 2598 -0.5
200 2667 -0.5
200 2668 -0.5
200 2799 -0.5
200 3540 -0.5
201 1351 -0.5
201 1450 -0.5
201 1495 -0.5
201 1510 -0.5
201 1549 -0.5
201 1700 -0.5
201 2197 -0.5
201 2755 -0.5
201 3115 -0.5
201 3457 -0.75
202 3170 -0.6666666666666666
202 1354 -0.75
202 1543 -0.5
202 1587 -0.5
202 1590 -0.5
202 1601 -0.5
202 1975 -0.5
202 2207 -0.5
202 2309 -0.75
202 2378 -0.5
202 2793 -0.5
202 2911 -0.5
202 3081 -0.75
202 3216 -0.5
202 3247 -0.5
202 3293 -0.75
202 3306 -0.5
202 3393 -0.5
202 3462 -0.5
202 3463 -0.5
202 3484 -0.5
202 3490 -0.5
202 3510 -0.5
202 3560 -0.5
202 3578 -0.5
202 3595 -0.5
202 3708 -0.5
203 1371 -0.5
203 1379 -0.75
203 1381 -0.5
203 1390 -0.5
203 1415 -0.5
203 1436 -0.5
203 1455 -0.5
203 1459 -0.5
203 1462 -0.5
203 1466 -0.5
203 1468 -0.75
203 1477 -0.5
203 1492 -0.75
203 1502 -0.5
203 1504 -0.5
203 1505 -0.5
203 1512 -0.5
203 1530 -0.5
203 1571 -0.5
203 1573 -0.5
203 1620 -0.5
203 1670 -0.5
203 1680 -0.5
203 1688 -0.75
203 1693 -0.5
203 1695 -0.5
203 1713 -0.75
203 1762 -0.5
203 1768 -0.5
203 1770 -0.5
203 1810 -0.5
203 1971 -0.75
203 1974 -0.5
203 1999 -0.75
203 2000 -0.75
203 2010 -0.5
203 2026 -0.5
203 2058 -0.5
203 2075 -0.5
204 1394 -0.5
204 1794 -0.5
204 2054 -0.5
204 2232 -0.75
204 2254 -0.5
204 2379 -0.5
204 2519 -0.5
204 3006 -0.5
204 3279 -0.5
204 3401 -0.5
205 1548 0.875
205 1641 0.75
205 2107 0.75
205 2863 0.875
205 1402 -0.75
205 1500 -0.5
205 1938 -0.5
205 2534 -0.5
205 2695 -0.5
205 2762 -0.5
205 3183 -0.75
205 3711 -0.6666666666666666
206 1708 0.5
206 1422 -0.5
206 1485 -0.5
206 1524 -0.5
206 1629 -0.6666666666666666
206 1630 -0.5
206 1651 -0.5
206 1680 -0.5
206 1829 -0.5
206 1850 -0.5
206 2758 -0.5
206 2767 -0.5
206 2775 -0.5
206 2787 -0.5
206 2810 -0.5
206 2830 -0.5
206 2867 -0.5
206 2900 -0.5
206 2934 -0.5
206 2993 -0.5
206 3043 -0.75
206 3200 -0.5
207 1875 -0.6666666666666666
207 2119 0.75
207 1436 -0.5
207 1447 -0.75
207 1450 -0.5
207 1454 -0.5
207 1464 -0.5
207 1487 -0.5
207 1515 -0.5
207 1536 -0.5
207 1539 -0.5
207 1543 -0.5
207 1619 -0.75
207 1624 -0.5
207 1628 -0.5
207 1645 -0.5
207 1725 -0.5
207 1735 -0.5
207 1741 -0.5
207 1744 -0.5
207 1745 -0.5
207 1751 -0.5
207 1806 -0.5
207 1810 -0.5
207 1814 -0.75
207 1825 -0.5
207 1834 -0.5
207 1835 -0.75
207 1840 -0.6666666666666666
207 1919 -0.5
207 1947 -0.5
207 1956 -0.5
207 1993 -0.5
207 2038 -0.5
207 2171 -0.5
207 2311 -0.5
207 2393 -0.5
207 2465 -0.5
207 2480 -0.5
207 2485 -0.5
207 2498 -0.5
207 2626 -0.5
208 3619 0.875
208 3693 0.75
208 1437 -0.6666666666666666
208 1465 -0.5
208 2307 -0.5
208 2316 -0.5
208 2483 -0.75
208 2546 -0.75
208 2570 -0.75
208 2574 -0.5
208 2676 -0.5
208 2684 -0.5
208 2714 -0.6666666666666666
208 2719 -0.5
208 2741 -0.5
208 2757 -0.5
208 2794 -0.5
208 2814 -0.5
208 2868 -0.5
208 2900 -0.5
208 2905 -0.5
208 2928 -0.5
208 2929 -0.5
208 2933 -0.5
208 2940 -0.75
208 2941 -0.5
208 3020 -0.5
208 3035 -0.5
208 3044 -0.5
208 3089 -0.5
208 3102 -0.5
208 3122 -0.5
208 3133 -0.5
208 3142 -0.5
208 3177 -0.5
208 3190 -0.5
208 3211 -0.75
208 3236 -0.5
208 3237 -0.75
208 3244 -0.5
208 3254 -0.5
208 3267 -0.5
208 3277 -0.5
208 3359 -0.5
208 3385 -0.5
208 3390 -0.5
208 3392 -0.75
208 3415 -0.5
208 3472 -0.5
208 3516 -0.5
208 3533 -0.5
208 3536 -0.5
208 3567 -0.5
208 3585 -0.5
208 3589 -0.5
208 3595 -0.5
208 3603 -0.5
208 3623 -0.5
208 3640 -0.6666666666666666
208 3673 -0.5
208 3684 -0.5
208 3688 -0.5
208 3700 -0.5
209 1437 -0.6666666666666666
209 1442 -0.5
209 1454 -0.5
209 1460 -0.5
209 1479 -0.5
209 1481 -0.5
209 1488 -0.5
209 1493 -0.75
209 1499 -0.5
209 1506 -0.75
209 1873 -0.75
210 3059 0.75
210 1443 -0.75
210 1485 -0.5
210 1566 -0.5
210 1605 -0.75
210 1639 -0.5
210 1665 -0.5
210 1756 -0.5
210 1870 -0.5
210 1981 -0.5
210 1985 -0.5
210 2012 -0.5
210 2022 -0.5
210 2103 -0.5
210 2185 -0.5
210 2214 -0.5
210 2231 -0.5
210 2306 -0.5
210 2335 -0.5
210 2375 -0.5
210 2440 -0.5
210 2489 -0.5
210 2694 -0.5
210 2828 -0.5
210 3060 -0.5
210 3147 -0.5
210 3435 -0.5
210 3535 -0.75
211 1446 -0.5
211 1478 -0.5
211 2052 -0.5
211 2255 -0.5
211 2297 -0.5
211 2551 -0.75
211 2596 -0.5
211 2686 -0.5
211 2938 -0.5
211 2942 -0.75
211 2965 -0.5
211 2976 -0.5
212 1503 0.875
212 1585 0.75
212 1467 -0.5
212 1477 -0.5
212 1481 -0.5
212 1511 -0.5
212 1523 -0.6666666666666666
212 1715 -0.5
212 2174 -0.5
212 2820 -0.5
212 3112 -0.6666666666666666
212 3275 -0.5
212 3284 -0.5
212 3440 -0.5
212 3633 -0.5
212 3662 -0.5
213 1471 -0.5
213 1693 -0.5
213 1831 -0.5
213 1964 -0.5
213 2032 -0.5
213 2476 -0.5
213 2501 -0.5
213 2502 -0.5
213 2682 -0.5
213 2704 -0.75
213 3410 -0.5
213 3618 -0.75
213 3675 -0.5
214 1713 0.75
214 2750 0.75
214 3480 0.75
214 1477 -0.5
214 1572 -0.75
214 1749 -0.5
214 2584 -0.5
214 2591 -0.5
214 3287 -0.6666666666666666
214 3357 -0.5
214 3575 -0.5
215 1521 -0.6666666666666666
215 1659 0.875
215 1803 0.75
215 2329 0.75
215 1487 -0.5
215 1515 -0.5
215 1519 -0.5
215 1613 -0.5
215 1655 -0.5
215 1660 -0.5
215 1705 -0.5
215 1716 -0.5
215 1717 -0.6666666666666666
215 1736 -0.5
215 1743 -0.5
215 1748 -0.5
215 1751 -0.5
215 1766 -0.5
215 1799 -0.5
215 1846 -0.5
215 1847 -0.5
215 1856 -0.5
215 1861 -0.5
215 1865 -0.5
215 1871 -0.75
215 1872 -0.5
215 1878 -0.5
215 1887 -0.5
215 1892 -0.75
215 1902 -0.6666666666666666
215 1916 -0.5
215 1949 -0.5
215 1961 -0.5
215 1962 -0.5
215 1963 -0.5
215 1975 -0.5
215 1979 -0.5
215 1986 -0.75
215 1995 -0.75
215 2046 -0.75
215 2055 -0.5
215 2064 -0.5
215 2078 -0.5
215 2189 -0.5
215 2230 -0.5
215 2231 -0.5
215 2265 -0.5
215 2272 -0.5
215 2315 -0.5
215 2350 -0.5
215 2364 -0.5
215 2366 -0.75
215 2388 -0.5
215 2420 -0.5
215 2430 -0.5
215 2458 -0.5
216 1696 -0.6666666666666666
216 1575 -0.5
216 1592 -0.5
216 1627 -0.5
216 1794 -0.5
216 1971 -0.75
216 2007 -0.5
216 2042 -0.5
216 2096 -0.5
216 2180 -0.75
216 2272 -0.5
216 2524 -0.5
216 2545 -0.5
216 2563 -0.5
216 2601 -0.5
216 2613 -0.5
216 2700 -0.5
216 2744 -0.5
216 2893 -0.5
216 2953 -0.5
216 3006 -0.5
217 1597 -0.5
217 1692 -0.5
217 1714 -0.5
217 2634 -0.5
217 2638 -0.5
217 2827 -0.5
217 2856 -0.5
217 2900 -0.5
217 3113 -0.5
217 3200 -0.5
217 3247 -0.5
217 3713 -0.5
218 1630 -0.5
218 2185 -0.5
218 2905 -0.5
218 3416 -0.75
218 3426 -0.6666666666666666
218 3483 -0.5
218 3500 -0.5
218 3566 -0.75
218 3595 -0.5
219 1731 0.5
219 1761 0.75
219 1859 -0.75
219 2002 -0.75
219 2083 -0.75
219 2203 0.875
219 1634 -0.5
219 1643 -0.5
219 1658 -0.5
219 1674 -0.5
219 1682 -0.5
219 1689 -0.5
219 1700 -0.5
219 1705 -0.5
219 1714 -0.5
219 1718 -0.5
219 1734 -0.5
219 1752 -0.5
219 1762 -0.5
219 1770 -0.5
219 1788 -0.5
219 1829 -0.5
219 1886 -0.5
219 1916 -0.5
219 1917 -0.5
219 2003 -0.5
219 2017 -0.6666666666666666
219 2086 -0.5
219 2090 -0.5
219 2153 -0.5
219 2180 -0.75
219 2181 -0.5
219 2461 -0.5
220 1644 -0.5
220 1766 -0.5
220 1856 -0.5
220 1869 -0.5
220 2204 -0.5
220 2285 -0.5
220 2523 -0.5
220 2782 -0.75
220 2885 -0.5
220 3182 -0.5
221 1656 0.5
221 2326 0.5
221 2346 0.75
221 2503 0.5
221 2526 0.5
221 2559 0.5
221 2570 0.75
221 2615 0.5
221 2645 0.5
221 3102 0.5
221 3725 0.5
221 2676 -0.5
222 1664 -0.5
222 2007 -0.5
222 2288 -0.75
222 2357 -0.5
222 2439 -0.5
222 2600 -0.75
222 2737 -0.5
222 2808 -0.5
222 2956 -0.5
222 3162 -0.5
222 3486 -0.5
223 3055 0.875
223 1668 -0.75
223 2158 -0.6666666666666666
223 2276 -0.5
223 2428 -0.5
223 2448 -0.5
223 2805 -0.5
223 3304 -0.5
223 3364 -0.6666666666666666
223 3482 -0.5
223 3669 -0.5
224 1676 -0.5
224 1741 -0.5
224 2064 -0.5
224 2232 -0.75
224 2404 -0.5
224 2408 -0.5
224 2428 -0.5
224 2466 -0.5
224 3194 -0.5
225 1945 -0.6666666666666666
225 2258 -0.6666666666666666
225 3011 -0.6666666666666666
225 1691 -0.5
225 1695 -0.5
225 1805 -0.5
225 1858 -0.5
225 1893 -0.5
225 2029 -0.5
225 2041 -0.5
225 2130 -0.5
225 2194 -0.5
225 2236 -0.5
225 2297 -0.5
225 2299 -0.5
225 2475 -0.5
225 2476 -0.5
225 2521 -0.5
225 2614 -0.5
225 2621 -0.5
225 2696 -0.5
225 2715 -0.75
225 2750 -0.75
225 2765 -0.6666666666666666
225 2768 -0.5
225 2783 -0.6666666666666666
225 2807 -0.5
225 2899 -0.5
225 2934 -0.5
225 2948 -0.5
225 3069 -0.75
225 3075 -0.5
225 3087 -0.6666666666666666
225 3101 -0.5
225 3119 -0.6666666666666666
225 3122 -0.5
225 3123 -0.5
225 3129 -0.5
225 3147 -0.5
225 3167 -0.5
225 3173 -0.5
225 3226 -0.5
225 3236 -0.5
225 3415 -0.5
225 3465 -0.5
225 3538 -0.5
225 3585 -0.5
225 3590 -0.5
225 3597 -0.5
225 3652 -0.5
225 3684 -0.5
225 3706 -0.6666666666666666
225 3707 -0.5
226 1741 0.5
226 2188 0.5
226 2414 0.5
226 2440 0.5
226 2489 0.5
226 2532 0.5
226 2568 0.75
226 2687 0.5
226 2758 0.5
226 2971 0.5
226 2975 0.5
226 3124 0.5
226 3136 0.5
226 3276 0.5
226 3468 0.75
226 3518 0.5
227 2158 0.875
227 2185 0.5
227 1832 -0.5
227 1844 -0.5
227 1850 -0.5
227 1926 -0.5
227 1935 -0.5
227 1989 -0.5
227 2058 -0.5
227 2073 -0.5
227 2075 -0.5
227 2129 -0.75
227 2191 -0.5
227 2462 -0.75
227 2677 -0.75
227 2711 -0.5
227 2881 -0.5
227 3102 -0.5
227 3134 -0.5
228 1850 0.5
228 1897 0.75
228 1955 0.75
228 1971 0.75
228 2050 0.875
228 2207 0.5
228 2469 0.5
228 2533 0.5
228 2774 0.5
228 3075 0.5
228 3137 0.5
228 3213 0.5
228 3269 0.5
228 3304 0.5
228 3342 0.5
228 3536 0.5
228 1912 -0.5
228 1924 -0.5
228 2071 -0.5
228 2843 -0.5
228 2865 -0.5
228 3109 -0.6666666666666666
229 1869 0.5
229 1850 -0.5
229 1866 -0.6666666666666666
229 1873 -0.75
229 1928 -0.5
229 1951 -0.5
229 2028 -0.5
229 2261 -0.5
229 2390 -0.5
229 2623 -0.5
230 1862 -0.5
230 1865 -0.5
230 1930 -0.5
230 1996 -0.5
230 2062 -0.5
230 2574 -0.5
230 2578 -0.5
230 2624 -0.5
230 2827 -0.5
230 3338 -0.5
231 1890 0.5
231 2704 0.75
231 1879 -0.5
231 1882 -0.5
231 1883 -0.5
231 1884 -0.75
231 1885 -0.5
231 1889 -0.5
231 1896 -0.5
231 2708 -0.5
232 1951 0.5
232 1970 0.75
232 1995 0.75
232 1903 -0.6666666666666666
232 1908 -0.5
232 1919 -0.5
232 1942 -0.75
232 1944 -0.5
232 1947 -0.5
232 1971 -0.75
232 1977 -0.5
232 1998 -0.5
232 2128 -0.5
232 2467 -0.5
232 2549 -0.5
232 2594 -0.5
232 2665 -0.5
232 3031 -0.5
232 3038 -0.5
232 3452 -0.5
232 3579 -0.5
232 3719 -0.75
233 2125 0.5
233 1916 -0.5
233 1917 -0.5
233 1924 -0.5
233 1935 -0.5
233 1946 -0.5
233 1975 -0.5
233 2118 -0.5
233 2137 -0.5
234 1929 -0.5
234 1971 -0.75
234 1973 -0.75
234 2048 -0.5
234 2057 -0.75
234 2067 -0.5
234 2077 -0.6666666666666666
234 2088 -0.5
234 2141 -0.75
234 2153 -0.5
234 2154 -0.5
234 2169 -0.5
234 2182 -0.75
234 2255 -0.5
234 2365 -0.5
234 2370 -0.5
234 2386 -0.5
234 2387 -0.5
234 2407 -0.5
234 2424 -0.5
234 2429 -0.5
234 2441 -0.75
234 2442 -0.75
234 2451 -0.5
235 1934 -0.75
235 2004 -0.5
235 2040 -0.75
235 2054 -0.5
235 2061 -0.5
235 2148 -0.5
235 2253 -0.5
235 2255 -0.5
235 2382 -0.5
235 2864 -0.5
235 3348 -0.5
236 1937 -0.5
236 1982 -0.75
236 1988 -0.5
236 2016 -0.5
236 2023 -0.5
236 2062 -0.5
236 2104 -0.5
236 2118 -0.5
236 2130 -0.5
236 2170 -0.5
236 2391 -0.5
236 2394 -0.5
236 2463 -0.5
237 1942 -0.75
237 2254 -0.5
237 2399 -0.5
237 2608 -0.5
237 2986 -0.5
237 3009 -0.5
237 3080 -0.5
237 3251 -0.5
237 3315 -0.5
237 3317 -0.5
237 3322 -0.75
237 3352 -0.5
237 3501 -0.5
237 3510 -0.5
237 3514 -0.5
238 2042 0.5
238 2301 0.75
238 1951 -0.5
238 1960 -0.5
238 2017 -0.6666666666666666
238 2037 -0.75
238 3122 -0.5
238 3276 -0.5
238 3415 -0.5
239 1972 0.75
239 1958 -0.5
239 2060 -0.5
239 2186 -0.5
239 2193 -0.5
239 2200 -0.5
239 2223 -0.5
239 2342 -0.5
239 2359 -0.5
239 2387 -0.5
239 2405 -0.75
239 2420 -0.5
240 1974 -0.5
240 1975 -0.5
240 2058 -0.5
240 2129 -0.75
240 2148 -0.5
240 2191 -0.5
240 2310 -0.5
240 2370 -0.5
240 2391 -0.5
240 2776 -0.5
240 2879 -0.5
240 2961 -0.75
240 3131 -0.5
240 3220 -0.5
240 3225 -0.5
240 3228 -0.5
240 3275 -0.5
240 3456 -0.5
240 3461 -0.5
240 3477 -0.5
241 1987 -0.5
241 2020 -0.6666666666666666
241 2042 -0.5
241 2048 -0.5
241 2052 -0.5
241 2064 -0.5
241 2088 -0.5
241 2194 -0.5
241 2287 -0.5
241 2316 -0.5
241 2400 -0.5
241 2418 -0.5
241 2515 -0.75
241 2591 -0.5
241 2706 -0.5
241 2956 -0.5
241 3722 -0.75
242 3151 0.875
242 2025 -0.6666666666666666
242 2092 -0.5
242 2143 -0.75
242 2197 -0.5
242 2213 -0.5
242 2259 -0.5
242 2349 -0.75
242 2384 -0.5
242 2416 -0.5
242 2438 -0.5
242 2459 -0.75
242 2534 -0.5
242 2992 -0.6666666666666666
242 3267 -0.5
242 3367 -0.5
242 3510 -0.5
242 3593 -0.5
242 3618 -0.75
243 2925 0.875
243 2045 -0.5
243 2398 -0.5
243 2406 -0.5
243 2425 -0.5
243 2735 -0.5
243 2753 -0.5
243 2758 -0.5
243 2799 -0.5
243 3212 -0.5
243 3256 -0.5
243 3309 -0.5
243 3434 -0.5
243 3451 -0.5
243 3713 -0.5
243 3715 -0.5
244 2562 0.75
244 2052 -0.5
244 2137 -0.5
244 2183 -0.5
244 2190 -0.5
244 2399 -0.5
244 2408 -0.5
244 2548 -0.5
244 2569 -0.5
244 2634 -0.5
244 2821 -0.5
244 2839 -0.75
244 2887 -0.5
244 3080 -0.5
244 3139 -0.5
244 3173 -0.5
244 3330 -0.75
244 3510 -0.5
244 3512 -0.5
244 3590 -0.5
245 2052 -0.5
245 2213 -0.5
245 2276 -0.5
245 2325 -0.5
245 2336 -0.5
245 2347 -0.75
245 2391 -0.5
245 2429 -0.5
245 2491 -0.5
245 2774 -0.5
245 2825 -0.75
245 3001 -0.5
245 3042 -0.5
245 3048 -0.5
245 3129 -0.5
245 3137 -0.5
245 3177 -0.5
246 2079 -0.5
246 2080 -0.5
246 2116 -0.5
246 2151 -0.5
246 2186 -0.5
246 2194 -0.5
246 2206 -0.5
246 2382 -0.5
246 2391 -0.5
246 2770 -0.75
247 2106 -0.5
247 2113 -0.5
247 2194 -0.5
247 2231 -0.5
247 2358 -0.5
247 2410 -0.75
247 2434 -0.5
247 2466 -0.5
247 2513 -0.5
247 2800 -0.5
247 2860 -0.75
247 2883 -0.5
247 3053 -0.5
248 2144 -0.5
248 2192 -0.5
248 2236 -0.5
248 2530 -0.75
248 2757 -0.5
248 2891 -0.5
248 3059 -0.75
248 3118 -0.5
248 3139 -0.5
248 3148 -0.5
248 3367 -0.5
248 3394 -0.5
248 3510 -0.5
248 3596 -0.5
249 3289 0.875
249 2148 -0.5
249 2351 -0.5
249 2363 -0.5
249 2364 -0.5
249 2367 -0.5
249 2372 -0.5
249 2374 -0.75
249 2438 -0.5
249 2453 -0.5
249 2503 -0.5
249 3096 -0.75
250 2156 -0.5
250 2209 -0.5
250 2289 -0.75
250 2397 -0.5
250 2661 -0.5
250 2671 -0.5
250 2734 -0.5
250 2773 -0.5
250 2856 -0.5
250 2867 -0.5
250 2915 -0.6666666666666666
250 2916 -0.5
250 2981 -0.5
250 2987 -0.5
250 3009 -0.5
250 3122 -0.5
250 3311 -0.6666666666666666
250 3339 -0.75
250 3372 -0.75
250 3494 -0.75
250 3658 -0.5
251 2992 0.875
251 3189 0.875
251 3346 0.75
251 3437 0.5
251 3580 0.5
251 2174 -0.5
251 2370 -0.5
251 2753 -0.5
251 2868 -0.5
251 2902 -0.75
251 2951 -0.5
251 2993 -0.5
251 3073 -0.5
251 3195 -0.5
251 3205 -0.5
251 3206 -0.5
251 3285 -0.5
251 3292 -0.6666666666666666
251 3347 -0.5
251 3392 -0.75
251 3418 -0.75
251 3453 -0.5
251 3474 -0.5
251 3492 -0.5
251 3494 -0.75
251 3517 -0.5
251 3587 -0.75
251 3661 -0.75
252 2175 -0.6666666666666666
252 2270 -0.5
252 2335 -0.5
252 2359 -0.5
252 2372 -0.5
252 2389 -0.75
252 2512 -0.75
252 2560 -0.5
252 2645 -0.5
252 2652 -0.5
253 2381 -0.75
253 2178 -0.5
253 2186 -0.5
253 2235 -0.75
253 2247 -0.5
253 2323 -0.5
253 2382 -0.5
253 2400 -0.5
253 2402 -0.5
253 2413 -0.5
253 2435 -0.5
253 2482 -0.5
253 2494 -0.5
253 2495 -0.5
253 2498 -0.5
253 2499 -0.5
253 2504 -0.5
253 2526 -0.5
253 3275 -0.5
253 3466 -0.6666666666666666
253 3484 -0.5
253 3500 -0.5
253 3507 -0.6666666666666666
253 3512 -0.5
253 3513 -0.5
254 2490 0.75
254 2560 0.5
254 3211 -0.75
254 2205 -0.5
254 2268 -0.75
254 2277 -0.75
254 2279 -0.5
254 2320 -0.5
254 2417 -0.5
254 2516 -0.6666666666666666
254 2561 -0.75
254 2570 -0.75
254 2576 -0.5
254 2592 -0.5
254 2965 -0.5
254 3299 -0.5
254 3713 -0.5
255 2211 -0.5
255 2230 -0.5
255 2392 -0.5
255 2447 -0.6666666666666666
255 2536 -0.5
255 2635 -0.5
255 2649 -0.5
255 2650 -0.5
255 2674 -0.5
255 2747 -0.5
255 2753 -0.5
255 2845 -0.5
255 2853 -0.5
255 2965 -0.5
256 3083 -0.6666666666666666
256 2236 -0.5
256 2851 -0.5
256 3172 -0.5
256 3182 -0.5
256 3224 -0.5
256 3335 -0.5
256 3356 -0.5
256 3463 -0.5
256 3570 -0.5
256 3645 -0.5
256 3658 -0.5
256 3671 -0.5
257 2265 -0.5
257 2339 -0.5
257 2391 -0.5
257 2394 -0.5
257 2443 -0.5
257 2454 -0.5
257 2471 -0.6666666666666666
257 2760 -0.5
257 2774 -0.5
257 2776 -0.5
257 2788 -0.5
257 3221 -0.5
258 2546 0.75
258 2913 -0.6666666666666666
258 2281 -0.5
258 2470 -0.5
258 2490 -0.75
258 2556 -0.5
258 2678 -0.75
258 3004 -0.5
258 3067 -0.5
258 3129 -0.5
258 3313 -0.5
258 3348 -0.5
259 2517 -0.6666666666666666
259 2816 0.875
259 2284 -0.5
259 2485 -0.5
259 2596 -0.5
259 2642 -0.5
259 2663 -0.5
259 2808 -0.5
259 2892 -0.75
259 2912 -0.5
260 2294 -0.5
260 2603 -0.5
260 2717 -0.5
260 2993 -0.5
260 3018 -0.5
260 3104 -0.5
260 3128 -0.5
260 3388 -0.5
260 3509 -0.5
260 3668 -0.5
261 2299 -0.5
261 2310 -0.5
261 2329 -0.75
261 2469 -0.5
261 2470 -0.5
261 2485 -0.5
261 2524 -0.5
261 2610 -0.5
261 2700 -0.5
261 2952 -0.5
261 3180 -0.75
261 3275 -0.5
261 3381 -0.75
261 3449 -0.5
261 3479 -0.5
262 2464 -0.6666666666666666
262 3087 0.875
262 2335 -0.5
262 2427 -0.75
262 2442 -0.75
262 2476 -0.5
262 2493 -0.75
262 2495 -0.5
262 2513 -0.5
262 2514 -0.5
262 2617 -0.5
262 2726 -0.75
262 2950 -0.5
262 3103 -0.6666666666666666
262 3252 -0.5
262 3261 -0.5
262 3399 -0.5
262 3472 -0.5
263 3723 0.875
263 2403 -0.5
263 2491 -0.5
263 2508 -0.5
263 2596 -0.5
263 2806 -0.5
263 2828 -0.5
263 3197 -0.6666666666666666
263 3209 -0.75
263 3297 -0.5
263 3718 -0.75
264 2435 -0.5
264 2532 -0.5
264 2610 -0.5
264 2613 -0.5
264 2649 -0.5
264 2676 -0.5
264 2857 -0.5
264 2880 -0.5
264 3449 -0.5
264 3507 -0.6666666666666666
265 2446 0.5
265 2929 0.5
265 2933 0.5
265 2935 0.5
265 3059 0.75
265 3090 0.5
265 3147 0.5
265 3157 0.5
265 3046 -0.5
265 3061 -0.5
265 3063 -0.5
265 3141 -0.5
265 3145 -0.75
265 3158 -0.5
265 3184 -0.75
265 3337 -0.5
265 3343 -0.5
265 3634 -0.75
266 2763 0.75
266 2869 -0.6666666666666666
266 2503 -0.5
266 2540 -0.75
266 2768 -0.5
266 2775 -0.5
266 2817 -0.75
266 2933 -0.5
266 3131 -0.5
266 3134 -0.5
266 3186 -0.5
266 3257 -0.5
266 3373 -0.75
266 3475 -0.5
266 3588 -0.5
267 2907 0.875
267 2510 -0.5
267 2574 -0.5
267 2843 -0.5
267 2895 -0.5
267 2981 -0.5
267 3002 -0.5
267 3172 -0.5
267 3175 -0.5
267 3178 -0.5
267 3247 -0.5
267 3328 -0.5
267 3505 -0.5
267 3623 -0.5
267 3687 -0.5
268 2518 -0.5
268 2602 -0.5
268 2623 -0.5
268 2648 -0.5
268 2674 -0.5
268 2711 -0.5
268 2746 -0.5
268 2757 -0.5
268 2793 -0.5
268 2896 -0.5
268 2900 -0.5
268 2954 -0.5
268 3203 -0.5
268 3310 -0.75
268 3317 -0.5
268 3555 -0.5
268 3637 -0.5
268 3667 -0.5
268 3681 -0.5
268 3704 -0.5
269 2551 0.75
269 2553 0.5
269 2568 0.75
269 2570 0.75
269 2703 -0.6666666666666666
269 2783 -0.6666666666666666
269 2817 0.75
269 2540 -0.75
269 2541 -0.6666666666666666
269 2545 -0.5
269 2547 -0.6666666666666666
269 2571 -0.5
269 2577 -0.5
269 2578 -0.5
269 2585 -0.75
269 2594 -0.5
269 2596 -0.5
269 2597 -0.5
269 2600 -0.75
269 2601 -0.5
269 2603 -0.5
269 2604 -0.5
269 2605 -0.5
269 2606 -0.5
269 2609 -0.5
269 2614 -0.5
269 2615 -0.5
269 2621 -0.5
269 2632 -0.5
269 2635 -0.5
269 2636 -0.5
269 2641 -0.5
269 2645 -0.5
269 2659 -0.5
269 2667 -0.5
269 2669 -0.5
269 2673 -0.5
269 2720 -0.5
269 2723 -0.5
269 2725 -0.5
269 2747 -0.5
269 2749 -0.5
269 2811 -0.5
269 2812 -0.75
269 2821 -0.5
269 2826 -0.75
269 2860 -0.75
269 2864 -0.5
269 2883 -0.5
270 2564 -0.5
270 2574 -0.5
270 2601 -0.5
270 2638 -0.5
270 2692 -0.5
270 2760 -0.5
270 2822 -0.5
270 3078 -0.5
270 3277 -0.5
270 3291 -0.5
270 3316 -0.5
270 3579 -0.5
271 2571 -0.5
271 2579 -0.75
271 2581 -0.5
271 2587 -0.5
271 2591 -0.5
271 2593 -0.5
271 2594 -0.5
271 2595 -0.5
271 2596 -0.5
271 2597 -0.5
271 2598 -0.5
271 2599 -0.5
271 2602 -0.5
271 2606 -0.5
271 2617 -0.5
271 2621 -0.5
271 2622 -0.5
271 2626 -0.5
271 2629 -0.6666666666666666
271 2637 -0.5
271 2638 -0.5
271 2640 -0.5
271 2643 -0.5
271 2645 -0.5
271 2647 -0.5
271 2648 -0.5
271 2649 -0.5
271 2653 -0.5
271 2655 -0.5
271 2659 -0.5
271 2664 -0.75
271 2671 -0.5
271 2673 -0.5
271 2674 -0.5
272 2574 0.5
272 2601 0.5
272 2611 0.5
272 2616 0.5
272 2617 0.5
272 2618 0.5
272 2626 0.5
272 2676 0.5
272 2737 0.5
272 2741 0.5
272 2749 0.5
272 2762 0.5
272 2776 0.5
272 2801 0.5
272 2808 0.5
272 2895 0.5
272 2905 0.5
272 2919 0.5
272 2978 0.5
272 3003 0.5
272 3020 0.5
272 3078 0.5
272 3094 0.5
272 3142 0.5
272 3192 0.5
272 3221 0.5
272 3277 0.5
272 3422 0.5
272 3530 0.5
273 2915 0.875
273 3105 -0.6666666666666666
273 2619 -0.5
273 2660 -0.5
273 2682 -0.5
273 2856 -0.5
273 3056 -0.5
273 3079 -0.5
273 3111 -0.75
273 3200 -0.5
273 3313 -0.5
273 3389 -0.5
273 3404 -0.5
274 2711 -0.5
274 2762 -0.5
274 2793 -0.5
274 2806 -0.5
274 2870 -0.5
274 2876 -0.5
274 2880 -0.5
274 2925 -0.6666666666666666
274 2930 -0.5
274 2962 -0.75
274 2968 -0.5
274 3018 -0.5
274 3028 -0.5
274 3104 -0.5
275 2763 0.75
275 2788 0.5
275 2791 0.75
275 2846 0.5
275 2848 0.75
275 2910 0.5
275 2937 0.5
275 2963 0.75
275 2972 0.75
275 2926 -0.5
276 2812 -0.75
276 2849 -0.5
276 2908 -0.5
276 3008 -0.5
276 3059 -0.75
276 3167 -0.5
276 3224 -0.5
276 3229 -0.5
276 3500 -0.5
276 3617 -0.5
277 2833 0.875
277 2817 -0.75
277 2850 -0.5
277 2943 -0.5
277 2999 -0.5
277 3029 -0.5
277 3141 -0.5
277 3193 -0.6666666666666666
277 3338 -0.5
278 2846 -0.5
278 2985 -0.5
278 3168 -0.5
278 3199 -0.75
278 3213 -0.5
278 3273 -0.5
278 3691 -0.5
278 3692 -0.75
278 3700 -0.5
279 2891 -0.5
279 2899 -0.5
279 2904 -0.75
279 2935 -0.5
279 3359 -0.5
279 3413 -0.5
279 3431 -0.5
279 3497 -0.5
279 3631 -0.5
280 2935 -0.5
280 3022 -0.5
280 3132 -0.5
280 3227 -0.5
280 3241 -0.5
280 3285 -0.5
280 3331 -0.5
280 3414 -0.5
280 3462 -0.5
280 3588 -0.5
281 3015 -0.5
281 3083 -0.6666666666666666
281 3142 -0.5
281 3155 -0.5
281 3208 -0.5
281 3211 -0.75
281 3221 -0.5
281 3230 -0.5
281 3242 -0.5
281 3247 -0.5
281 3251 -0.5
281 3277 -0.5
281 3286 -0.5
281 3320 -0.5
281 3321 -0.5
281 3338 -0.5
281 3341 -0.5
281 3342 -0.5
281 3356 -0.5
281 3362 -0.5
281 3369 -0.5
281 3383 -0.5
281 3389 -0.5
281 3461 -0.5
281 3463 -0.5
281 3470 -0.5
281 3471 -0.5
281 3475 -0.5
281 3495 -0.5
281 3499 -0.75
281 3530 -0.5
281 3531 -0.5
281 3532 -0.5
281 3539 -0.5
281 3546 -0.5
282 3031 0.5
282 3053 0.5
282 3062 0.75
282 3145 0.75
282 3146 0.875
282 3163 0.5
282 3169 0.5
282 3208 0.5
282 3217 0.5
282 3050 -0.75
282 3132 -0.5
283 3211 0.75
283 3466 -0.6666666666666666
283 3035 -0.5
283 3038 -0.5
283 3110 -0.5
283 3299 -0.5
283 3462 -0.5
283 3475 -0.5
283 3492 -0.5
283 3670 -0.5
283 3692 -0.75
284 3103 -0.6666666666666666
284 3071 -0.5
284 3099 -0.6666666666666666
284 3100 -0.5
284 3247 -0.5
284 3343 -0.5
284 3351 -0.5
284 3371 -0.75
284 3497 -0.5
284 3524 -0.5
284 3534 -0.75
284 3565 -0.5
284 3713 -0.5
285 3454 -0.75
285 3650 -0.75
285 3120 -0.5
285 3239 -0.75
285 3278 -0.5
285 3283 -0.75
285 3519 -0.5
285 3607 -0.5
286 3166 -0.5
286 3275 -0.5
286 3330 -0.75
286 3382 -0.6666666666666666
286 3393 -0.5
286 3396 -0.75
286 3422 -0.5
286 3464 -0.5
286 3574 -0.5
286 3641 -0.5
287 3194 -0.5
287 3248 -0.6666666666666666
287 3254 -0.5
287 3262 -0.5
287 3265 -0.75
287 3281 -0.5
287 3290 -0.5
287 3301 -0.75
287 3337 -0.5
287 3365 -0.5
287 3474 -0.5
287 3491 -0.5
287 3537 -0.5
287 3539 -0.5
287 3583 -0.5
287 3617 -0.5
287 3668 -0.5
288 3245 0.75
288 3502 -0.75
288 3269 -0.5
288 3464 -0.5
288 3544 -0.5
288 3555 -0.5
288 3559 -0.75
288 3588 -0.5
288 3624 -0.75
288 3691 -0.5
288 3695 -0.5
289 3261 -0.5
289 3307 -0.5
289 3390 -0.5
289 3512 -0.5
289 3513 -0.5
289 3522 -0.5
289 3555 -0.5
289 3616 -0.5
289 3627 -0.5
289 3653 -0.5
290 3361 -0.5
290 3368 -0.5
290 3521 -0.5
290 3591 -0.5
290 3602 -0.6666666666666666
290 3610 -0.75
290 3615 -0.5
290 3626 -0.5
290 3637 -0.5
290 3650 -0.75
290 3677 -0.5
291 3602 0.875
291 3361 -0.5
291 3486 -0.5
291 3536 -0.5
291 3540 -0.5
291 3545 -0.6666666666666666
291 3546 -0.5
291 3566 -0.75
291 3572 -0.5
291 3626 -0.5
291 3639 -0.5
291 3705 -0.5
292 3364 -0.6666666666666666
292 3398 -0.5
292 3416 -0.75
292 3420 -0.5
292 3421 -0.5
292 3423 -0.5
292 3448 -0.5
292 3458 -0.5
292 3484 -0.5
292 3485 -0.5
292 3496 -0.5
293 3371 -0.75
293 3390 -0.5
293 3424 -0.5
293 3427 -0.5
293 3435 -0.5
293 3448 -0.5
293 3460 -0.5
293 3467 -0.75
293 3496 -0.5
293 3509 -0.5
293 3515 -0.75
293 3543 -0.5
293 3567 -0.5
293 3569 -0.75
293 3610 -0.75
293 3617 -0.5
293 3684 -0.5
293 3698 -0.75
